20080115,0.0229988
20080116,0.0234301
20080117,0.0263547
20080118,0.0354478
20080122,0.0308898
20080123,0.0310742
20080124,0.0253169
20080125,0.0269045
20080128,0.0266629
20080129,0.0317844
20080130,0.0260823
20080131,0.0241768
20080201,0.0220748
20080204,0.01805
20080205,0.0179153
20080206,0.0153664
20080207,0.0237264
20080208,0.0180989
20080211,0.0190274
20080212,0.0207374
20080213,0.0183078
20080214,0.0322856
20080215,0.0209593
20080219,0.0319076
20080220,0.0212377
20080221,0.0203369
20080222,0.037477
20080225,0.0440262
20080226,0.0181121
20080227,0.0162104
20080228,0.036511
20080229,0.0263126
20080303,0.0155567
20080304,0.0296002
20080305,0.0151331
20080306,0.014333
20080307,0.0208055
20080310,0.0233904
20080311,0.0220216
20080312,0.021825
20080313,0.0258676
20080314,0.0303856
20080317,0.0269447
20080318,0.0328443
20080319,0.0329078
20080320,0.040038
20080324,0.0332197
20080325,0.0226193
20080326,0.0280398
20080327,0.0241119
20080328,0.0226753
20080331,0.0218609
20080401,0.019388
20080402,0.0170482
20080403,0.0147083
20080404,0.029266
20080407,0.0209232
20080408,0.0180073
20080409,0.0264311
20080410,0.0185141
20080411,0.0182503
20080414,0.0181249
20080415,0.0177858
20080416,0.0169365
20080417,0.016973
20080418,0.01385
20080421,0.0175393
20080422,0.013937
20080423,0.0143184
20080424,0.0153408
20080425,0.0143358
20080428,0.0148765
20080429,0.0153216
20080430,0.0164038
20080501,0.0166616
20080502,0.0159683
20080505,0.0161007
20080506,0.0158273
20080507,0.0155503
20080508,0.0158406
20080509,0.0193206
20080512,0.0160398
20080513,0.0199781
20080514,0.0180975
20080515,0.0165513
20080516,0.0347798
20080519,0.0183531
20080520,0.0158711
20080521,0.026562
20080522,0.0146785
20080523,0.0143635
20080527,0.0151127
20080528,0.0154039
20080529,0.0148858
20080530,0.0156891
20080602,0.0166351
20080603,0.0245646
20080604,0.0327602
20080605,0.0349693
20080606,0.0380666
20080609,0.0409764
20080610,0.0422
20080611,0.0415206
20080612,0.0396295
20080613,0.0407984
20080616,0.037042
20080617,0.0399649
20080618,0.0284364
20080619,0.0196998
20080620,0.0220124
20080623,0.0368211
20080624,0.0284724
20080625,0.0172107
20080626,0.031908
20080627,0.0214909
20080630,0.0203747
20080701,0.018413
20080702,0.0170404
20080703,0.0162126
20080707,0.0156433
20080708,0.017325
20080709,0.0238393
20080710,0.0238236
20080711,0.0216301
20080714,0.0207178
20080715,0.0349883
20080716,0.0355536
20080717,0.0342863
20080718,0.0377663
20080721,0.035749
20080722,0.0320153
20080723,0.033968
20080724,0.0375954
20080725,0.0338006
20080728,0.0389802
20080729,0.0335734
20080730,0.034161
20080731,0.0305037
20080801,0.0462828
20080804,0.0372624
20080805,0.0418672
20080806,0.0308276
20080807,0.0376032
20080808,0.048541
20080811,0.0411385
20080812,0.0277045
20080813,0.0296794
20080814,0.0356485
20080815,0.0393717
20080818,0.0401775
20080819,0.0421802
20080820,0.0505854
20080821,0.050545
20080822,0.0382857
20080825,0.0451099
20080826,0.04749
20080827,0.0384727
20080828,0.0354696
20080829,0.0321501
20080902,0.0215319
20080903,0.0226893
20080904,0.0142002
20080905,0.0150116
20080908,0.0193866
20080909,0.0202212
20080910,0.0289516
20080911,0.0296104
20080912,0.0327716
20080915,0.0358905
20080916,0.0352846
20080917,0.0439825
20080918,0.043289
20080919,0.0438871
20080922,0.0366702
20080923,0.0365033
20080924,0.0280623
20080925,0.0275978
20080926,0.0252116
20080929,0.0317584
20080930,0.0304321
20081001,0.0239507
20081002,0.0250969
20081003,0.0291812
20081006,0.0297091
20081007,0.0349519
20081008,0.0416088
20081009,0.0457863
20081010,0.0415651
20081013,0.0344828
20081014,0.0340947
20081015,0.0357813
20081016,0.0373493
20081017,0.0347183
20081020,0.0394547
20081021,0.0355226
20081022,0.0301481
20081023,0.0338543
20081024,0.0327462
20081027,0.028663
20081028,0.0322106
20081029,0.0368517
20081030,0.0306658
20081031,0.0404178
20081103,0.0311709
20081104,0.0251303
20081105,0.0358657
20081106,0.0234343
20081107,0.0347005
20081110,0.0234702
20081111,0.018575
20081112,0.014958
20081113,0.02313
20081114,0.027465
20081117,0.0308235
20081118,0.0297032
20081119,0.0294007
20081120,0.0382099
20081121,0.043455
20081124,0.0506896
20081125,0.0542768
20081126,0.0560378
20081128,0.0474189
20081201,0.034705
20081202,0.0427086
20081203,0.0377055
20081204,0.0356524
20081205,0.0281458
20081208,0.0238253
20081209,0.0198066
20081210,0.0249172
20081211,0.0238261
20081212,0.0246051
20081215,0.0204781
20081216,0.0262405
20081217,0.0263635
20081218,0.0267741
20081219,0.0276813
20081222,0.022547
20081223,0.0205815
20081224,0.0209012
20081226,0.01916
20081229,0.0216878
20081230,0.035623
20081231,0.0372266
20090102,0.0483869
20090105,0.0485094
20090106,0.0473
20090107,0.0468512
20090108,0.0258148
20090109,0.0188225
20090112,0.0179988
20090113,0.0147799
20090114,0.0192335
20090115,0.0225204
20090116,0.0227719
20090120,0.0309756
20090121,0.0354224
20090122,0.0335142
20090123,0.0367586
20090126,0.0405812
20090127,0.0376642
20090128,0.0407478
20090129,0.0343546
20090130,0.0273911
20090202,0.0325299
20090203,0.0224286
20090204,0.0234553
20090205,0.0178545
20090206,0.0227001
20090209,0.0169192
20090210,0.0302284
20090211,0.0320106
20090212,0.0356584
20090213,0.0388994
20090217,0.0409908
20090218,0.0454279
20090219,0.0636594
20090220,0.054252
20090223,0.0560206
20090224,0.057836
20090225,0.0886267
20090226,0.0681776
20090227,0.0666434
20090302,0.0623774
20090303,0.0600185
20090304,0.0696835
20090305,0.0598077
20090306,0.0623339
20090309,0.0622693
20090310,0.0592126
20090311,0.0432441
20090312,0.0521194
20090313,0.0521364
20090316,0.0505505
20090317,0.0557884
20090318,0.041934
20090319,0.0449465
20090320,0.0422539
20090323,0.0514069
20090324,0.0315032
20090325,0.0311256
20090326,0.0335666
20090327,0.0207429
20090330,0.0205396
20090331,0.0302409
20090401,0.0299883
20090402,0.030699
20090403,0.0333335
20090406,0.041383
20090407,0.0315065
20090408,0.0354719
20090409,0.0325538
20090413,0.032203
20090414,0.0345018
20090415,0.0245531
20090416,0.0212116
20090417,0.024141
20090420,0.0233731
20090421,0.0281326
20090422,0.0370973
20090423,0.0287168
20090424,0.0311476
20090427,0.0311679
20090428,0.041377
20090429,0.0474028
20090430,0.0362576
20090501,0.0489337
20090504,0.0437789
20090505,0.0354381
20090506,0.040173
20090507,0.0484607
20090508,0.029387
20090511,0.051844
20090512,0.0175542
20090513,0.0239041
20090514,0.0182221
20090515,0.0182153
20090518,0.0163472
20090519,0.0224596
20090520,0.0181162
20090521,0.0236992
20090522,0.0228947
20090526,0.0236537
20090527,0.0296677
20090528,0.0230463
20090529,0.031029
20090601,0.0219264
20090602,0.0372028
20090603,0.0187703
20090604,0.0351029
20090605,0.0157054
20090608,0.0176497
20090609,0.0250564
20090610,0.0226305
20090611,0.0231332
20090612,0.0342151
20090615,0.0240015
20090616,0.0327453
20090617,0.041189
20090618,0.0542968
20090619,0.0554344
20090622,0.0520719
20090623,0.042075
20090624,0.048462
20090625,0.0560866
20090626,0.0650709
20090629,0.0607361
20090630,0.05204
20090701,0.0389608
20090702,0.0214405
20090706,0.0281123
20090707,0.0291348
20090708,0.0253142
20090709,0.016935
20090710,0.0141113
20090713,0.015182
20090714,0.0144644
20090715,0.0149779
20090716,0.0210636
20090717,0.0181434
20090720,0.0268705
20090721,0.0282624
20090722,0.0303744
20090723,0.0202034
20090724,0.0181932
20090727,0.0167906
20090728,0.0420313
20090729,0.0365816
20090730,0.0169854
20090731,0.0228643
20090803,0.0236861
20090804,0.0408946
20090805,0.0456203
20090806,0.0340621
20090807,0.0234291
20090810,0.0239148
20090811,0.0242628
20090812,0.0231633
20090813,0.0216322
20090814,0.0141378
20090817,0.0197894
20090818,0.020412
20090819,0.0199185
20090820,0.0236138
20090821,0.0228505
20090824,0.019781
20090825,0.0207241
20090826,0.0222986
20090827,0.020851
20090828,0.0198424
20090831,0.0166098
20090901,0.0135411
20090902,0.0153244
20090903,0.0144895
20090904,0.0137895
20090908,0.0137473
20090909,0.014147
20090910,0.0230784
20090911,0.0176611
20090914,0.0166439
20090915,0.0264106
20090916,0.0174172
20090917,0.0229954
20090918,0.0202707
20090921,0.0241651
20090922,0.0166205
20090923,0.0163977
20090924,0.0168438
20090925,0.0169441
20090928,0.0160663
20090929,0.0156907
20090930,0.0159475
20091001,0.0162916
20091002,0.0210492
20091005,0.0196229
20091006,0.0192581
20091007,0.0256199
20091008,0.0252954
20091009,0.0189671
20091012,0.0185002
20091013,0.0264897
20091014,0.0190382
20091015,0.020174
20091016,0.0174623
20091019,0.0305798
20091020,0.0296798
20091021,0.0166747
20091022,0.030521
20091023,0.0167579
20091026,0.0170245
20091027,0.0190825
20091028,0.0283973
20091029,0.0256789
20091030,0.0288747
20091102,0.0371881
20091103,0.0398359
20091104,0.034736
20091105,0.0403901
20091106,0.0432845
20091109,0.0405874
20091110,0.0348409
20091111,0.0254322
20091112,0.026005
20091113,0.0240616
20091116,0.0165785
20091117,0.0147058
20091118,0.0152299
20091119,0.0181185
20091120,0.0169989
20091123,0.0158941
20091124,0.0242213
20091125,0.0236361
20091127,0.0233336
20091130,0.0319887
20091201,0.0247629
20091202,0.0256843
20091203,0.0229141
20091204,0.032604
20091207,0.0382736
20091208,0.0384675
20091209,0.0256254
20091210,0.0320847
20091211,0.0316836
20091214,0.0316664
20091215,0.0290974
20091216,0.034652
20091217,0.0326996
20091218,0.0208381
20091221,0.0145041
20091222,0.0145619
20091223,0.015181
20091224,0.0152072
20091228,0.0185149
20091229,0.0151752
20091230,0.0151017
20091231,0.0152267
20100104,0.0155468
20100105,0.0155964
20100106,0.0182431
20100107,0.0205315
20100108,0.0207689
20100111,0.0196372
20100112,0.0166001
20100113,0.0237265
20100114,0.0231497
20100115,0.0229355
20100119,0.027815
20100120,0.0235782
20100121,0.0260718
20100122,0.0267232
20100125,0.0285179
20100126,0.0286634
20100127,0.0284414
20100128,0.0210835
20100129,0.0369938
20100201,0.0352536
20100202,0.0389935
20100203,0.0427594
20100204,0.0331854
20100205,0.0320006
20100208,0.0359809
20100209,0.0267786
20100210,0.0407091
20100211,0.0355329
20100212,0.0254056
20100216,0.0149114
20100217,0.019661
20100218,0.019105
20100219,0.0236521
20100222,0.0199275
20100223,0.0252014
20100224,0.0161992
20100225,0.0160274
20100226,0.0162763
20100301,0.0148612
20100302,0.0163034
20100303,0.0160439
20100304,0.0159934
20100305,0.0188655
20100308,0.0148001
20100309,0.0147455
20100310,0.0183012
20100311,0.0135104
20100312,0.0135539
20100315,0.0151064
20100316,0.0135632
20100317,0.0139178
20100318,0.0142641
20100319,0.0177509
20100322,0.0171241
20100323,0.016687
20100324,0.0175099
20100325,0.0293887
20100326,0.0258498
20100329,0.0242652
20100330,0.0275835
20100331,0.0330782
20100401,0.027034
20100405,0.0244388
20100406,0.0349132
20100407,0.0279904
20100408,0.038918
20100409,0.024831
20100412,0.0171787
20100413,0.0188847
20100414,0.0183076
20100415,0.0162181
20100416,0.0156929
20100419,0.016812
20100420,0.0155856
20100421,0.0151359
20100422,0.0169844
20100423,0.0238991
20100426,0.0176418
20100427,0.0186174
20100428,0.0220277
20100429,0.0170972
20100430,0.017195
20100503,0.0272421
20100504,0.034859
20100505,0.0372002
20100506,0.039561
20100507,0.0355559
20100510,0.03541
20100511,0.0345796
20100512,0.0387463
20100513,0.0348441
20100514,0.0372512
20100517,0.0316496
20100518,0.029498
20100519,0.0202301
20100520,0.0196119
20100521,0.0190108
20100524,0.0201445
20100525,0.0267641
20100526,0.0251666
20100527,0.0173924
20100528,0.0207896
20100601,0.0271798
20100602,0.0244958
20100603,0.0308062
20100604,0.0301633
20100607,0.0272605
20100608,0.0335168
20100609,0.027341
20100610,0.0279202
20100611,0.0274134
20100614,0.027359
20100615,0.0363558
20100616,0.0227107
20100617,0.0172644
20100618,0.0227695
20100621,0.0163603
20100622,0.0147688
20100623,0.0159869
20100624,0.0133493
20100625,0.023611
20100628,0.0219974
20100629,0.0202952
20100630,0.0215013
20100701,0.0337875
20100702,0.0328015
20100706,0.0366819
20100707,0.0484895
20100708,0.0512689
20100709,0.0457009
20100712,0.0370658
20100713,0.0346439
20100714,0.0377308
20100715,0.0333614
20100716,0.0231985
20100719,0.023157
20100720,0.0167148
20100721,0.0164807
20100722,0.0161649
20100723,0.024238
20100726,0.0171201
20100727,0.0213187
20100728,0.0175022
20100729,0.0226493
20100730,0.0178348
20100802,0.0183756
20100803,0.0175442
20100804,0.0184834
20100805,0.0241664
20100806,0.0156952
20100809,0.0176811
20100810,0.0167404
20100811,0.0173947
20100812,0.0232758
20100813,0.025677
20100816,0.0304436
20100817,0.0303716
20100818,0.0292223
20100819,0.0258869
20100820,0.0305765
20100823,0.0362571
20100824,0.0436276
20100825,0.0424225
20100826,0.0442424
20100827,0.044013
20100830,0.0408266
20100831,0.0479857
20100901,0.0546347
20100902,0.0363867
20100903,0.0392819
20100907,0.0496194
20100908,0.0413617
20100909,0.0250408
20100910,0.0187296
20100913,0.0175733
20100914,0.0161886
20100915,0.0287308
20100916,0.014861
20100917,0.0147324
20100920,0.0149645
20100921,0.0154677
20100922,0.0140332
20100923,0.024746
20100924,0.0181809
20100927,0.0162841
20100928,0.0260664
20100929,0.0402499
20100930,0.0258272
20101001,0.0446418
20101004,0.0306941
20101005,0.0267675
20101006,0.0365075
20101007,0.0255523
20101008,0.0347681
20101011,0.0243992
20101012,0.0173138
20101013,0.0274686
20101014,0.0175386
20101015,0.0195677
20101018,0.0290998
20101019,0.0174318
20101020,0.0181852
20101021,0.0279721
20101022,0.0183339
20101025,0.0216957
20101026,0.0178081
20101027,0.0151918
20101028,0.0162253
20101029,0.016532
20101101,0.0178227
20101102,0.0173747
20101103,0.0170012
20101104,0.0183581
20101105,0.0249576
20101108,0.018627
20101109,0.0254994
20101110,0.0185245
20101111,0.020898
20101112,0.0184591
20101115,0.0222711
20101116,0.0265623
20101117,0.0158452
20101118,0.0158688
20101119,0.0158298
20101122,0.0154362
20101123,0.0159702
20101124,0.0255045
20101126,0.0157128
20101129,0.0174255
20101130,0.0183712
20101201,0.0170725
20101202,0.0219018
20101203,0.0170552
20101206,0.023268
20101207,0.0295508
20101208,0.0169943
20101209,0.0278026
20101210,0.0158532
20101213,0.0149866
20101214,0.0147701
20101215,0.0165239
20101216,0.0185053
20101217,0.0163591
20101220,0.0175704
20101221,0.0184116
20101222,0.0169778
20101223,0.0179356
20101227,0.0179916
20101228,0.0176941
20101229,0.0160562
20101230,0.0172221
20101231,0.0160549
20110103,0.016454
20110104,0.0153639
20110105,0.017926
20110106,0.0168809
20110107,0.0165739
20110110,0.0188565
20110111,0.0167642
20110112,0.0168467
20110113,0.0174896
20110114,0.0161819
20110118,0.0162865
20110119,0.0165493
20110120,0.0176157
20110121,0.0194146
20110124,0.0164153
20110125,0.016073
20110126,0.0159456
20110127,0.0157099
20110128,0.0161678
20110131,0.0228093
20110201,0.0164227
20110202,0.0168256
20110203,0.0197069
20110204,0.0198715
20110207,0.0153904
20110208,0.0170041
20110209,0.0155957
20110210,0.0168006
20110211,0.0163737
20110214,0.0160294
20110215,0.0164384
20110216,0.0158397
20110217,0.0208971
20110218,0.0171128
20110222,0.0166616
20110223,0.0215578
20110224,0.0164732
20110225,0.016887
20110228,0.0175618
20110301,0.0156811
20110302,0.0176801
20110303,0.0164192
20110304,0.0151273
20110307,0.0165119
20110308,0.0195239
20110309,0.0151855
20110310,0.0235806
20110311,0.025421
20110314,0.0253551
20110315,0.0321091
20110316,0.0304545
20110317,0.025812
20110318,0.0259756
20110321,0.0263943
20110322,0.0273359
20110323,0.0291151
20110324,0.0185174
20110325,0.0183101
20110328,0.0196869
20110329,0.0158245
20110330,0.0227775
20110331,0.0150603
20110401,0.0212458
20110404,0.015039
20110405,0.0155941
20110406,0.0142661
20110407,0.013937
20110408,0.0215536
20110411,0.0191643
20110412,0.0252788
20110413,0.0273581
20110414,0.0326605
20110415,0.0361061
20110418,0.0330022
20110419,0.0293099
20110420,0.0317469
20110421,0.0297544
20110425,0.030654
20110426,0.0271184
20110427,0.0187856
20110428,0.017111
20110429,0.0164679
20110502,0.0160326
20110503,0.0144379
20110504,0.0149534
20110505,0.022477
20110506,0.0235548
20110509,0.0236221
20110510,0.0326925
20110511,0.029782
20110512,0.0302967
20110513,0.0362984
20110516,0.0438759
20110517,0.0389748
20110518,0.0483922
20110519,0.0408279
20110520,0.0315589
20110523,0.0324761
20110524,0.0322288
20110525,0.0361517
20110526,0.0273877
20110527,0.0237389
20110531,0.0232646
20110601,0.0245998
20110602,0.0191505
20110603,0.0167806
20110606,0.0172857
20110607,0.0170038
20110608,0.0169965
20110609,0.0264698
20110610,0.0240526
20110613,0.0266093
20110614,0.0298727
20110615,0.0437452
20110616,0.056179
20110617,0.0498672
20110620,0.0558826
20110621,0.0542147
20110622,0.056423
20110623,0.0646036
20110624,0.0620243
20110627,0.0541767
20110628,0.0488975
20110629,0.0349032
20110630,0.0311012
20110701,0.0451849
20110705,0.0248306
20110706,0.0230361
20110707,0.0376153
20110708,0.0358786
20110711,0.0209716
20110712,0.0341936
20110713,0.017847
20110714,0.0176347
20110715,0.0211126
20110718,0.0159606
20110719,0.0154864
20110720,0.0163902
20110721,0.0148046
20110722,0.0295684
20110725,0.0175004
20110726,0.0311515
20110727,0.0331606
20110728,0.0333074
20110729,0.0172076
20110801,0.0168825
20110802,0.0173363
20110803,0.0248615
20110804,0.0263038
20110805,0.018389
20110808,0.0187065
20110809,0.0191285
20110810,0.0255161
20110811,0.0246191
20110812,0.0356615
20110815,0.0280224
20110816,0.0311131
20110817,0.0191587
20110818,0.019757
20110819,0.0200228
20110822,0.0195549
20110823,0.0179854
20110824,0.013768
20110825,0.0146492
20110826,0.0168017
20110829,0.0170616
20110830,0.0213256
20110831,0.0232105
20110901,0.0318672
20110902,0.0340667
20110906,0.022641
20110907,0.0220094
20110908,0.020514
20110909,0.0192855
20110912,0.0337822
20110913,0.0339065
20110914,0.0354568
20110915,0.0397699
20110916,0.0551795
20110919,0.05742
20110920,0.0571326
20110921,0.0434656
20110922,0.0438298
20110923,0.0440958
20110926,0.0524041
20110927,0.0365288
20110928,0.0292472
20110929,0.0258401
20110930,0.0326768
20111003,0.0319322
20111004,0.0397322
20111005,0.0528526
20111006,0.0439734
20111007,0.0321519
20111010,0.0276159
20111011,0.0295433
20111012,0.028734
20111013,0.0340164
20111014,0.019749
20111017,0.0208033
20111018,0.0169164
20111019,0.0240069
20111020,0.0138807
20111021,0.0179962
20111024,0.0139907
20111025,0.0134151
20111026,0.0203758
20111027,0.0206656
20111028,0.0200068
20111031,0.0343866
20111101,0.0263248
20111102,0.0204473
20111103,0.0204978
20111104,0.0214878
20111107,0.0210625
20111108,0.0404347
20111109,0.0217046
20111110,0.0208644
20111111,0.0296461
20111114,0.0207567
20111115,0.0210078
20111116,0.0291842
20111117,0.0286304
20111118,0.0329796
20111121,0.0388872
20111122,0.0394578
20111123,0.0435768
20111125,0.0455973
20111128,0.0480136
20111129,0.0473842
20111130,0.0437687
20111201,0.0392859
20111202,0.0400057
20111205,0.0340427
20111206,0.0225631
20111207,0.013735
20111208,0.0160025
20111209,0.0170466
20111212,0.0169436
20111213,0.0169302
20111214,0.0255007
20111215,0.0259846
20111216,0.0252861
20111219,0.0266027
20111220,0.02583
20111221,0.0240969
20111222,0.0266874
20111223,0.0361055
20111227,0.0379524
20111228,0.0379722
20111229,0.0171986
20111230,0.0233649
20120103,0.0174274
20120104,0.0166954
20120105,0.0162071
20120106,0.0219963
20120109,0.0156916
20120110,0.0145008
20120111,0.0155062
20120112,0.0142191
20120113,0.0159199
20120117,0.0150463
20120118,0.014024
20120119,0.0146482
20120120,0.0140432
20120123,0.0174256
20120124,0.0148119
20120125,0.0152616
20120126,0.0184478
20120127,0.0178345
20120130,0.0249919
20120131,0.0167505
20120201,0.0169091
20120202,0.0152721
20120203,0.0151474
20120206,0.0153434
20120207,0.0149674
20120208,0.0251636
20120209,0.0247047
20120210,0.0212605
20120213,0.0148215
20120214,0.014701
20120215,0.0147442
20120216,0.0150735
20120217,0.0158028
20120221,0.0158248
20120222,0.0184918
20120223,0.0158306
20120224,0.0183588
20120227,0.0169349
20120228,0.0187344
20120229,0.0166275
20120301,0.018547
20120302,0.0175082
20120305,0.0176232
20120306,0.0151918
20120307,0.0145206
20120308,0.012552
20120309,0.0183035
20120312,0.0131252
20120313,0.0136288
20120314,0.0152439
20120315,0.0110608
20120316,0.0127996
20120319,0.0207605
20120320,0.0161953
20120321,0.023561
20120322,0.0199066
20120323,0.0176425
20120326,0.015517
20120327,0.0206164
20120328,0.0216593
20120329,0.0205811
20120330,0.012089
20120402,0.0245423
20120403,0.0152332
20120404,0.0232263
20120405,0.0253847
20120409,0.0250385
20120410,0.0263913
20120411,0.0259988
20120412,0.0352962
20120413,0.0279462
20120416,0.0342999
20120417,0.0322143
20120418,0.0394482
20120419,0.035527
20120420,0.0247362
20120423,0.022333
20120424,0.022536
20120425,0.0221952
20120426,0.02046
20120427,0.0208291
20120430,0.0245099
20120501,0.0308895
20120502,0.0192509
20120503,0.0245775
20120504,0.0337277
20120507,0.0262736
20120508,0.0227875
20120509,0.0355961
20120510,0.0288102
20120511,0.0215489
20120514,0.0201125
20120515,0.0198963
20120516,0.0241189
20120517,0.0229024
20120518,0.0114853
20120521,0.0175191
20120522,0.0119483
20120523,0.0143555
20120524,0.0203497
20120525,0.0167625
20120529,0.0170691
20120530,0.0246943
20120531,0.0244563
20120601,0.0379997
20120604,0.0431837
20120605,0.0353992
20120606,0.034457
20120607,0.0327025
20120608,0.0318977
20120611,0.0395858
20120612,0.0349146
20120613,0.0332904
20120614,0.0292779
20120615,0.0144247
20120618,0.0140704
20120619,0.0176537
20120620,0.0175298
20120621,0.0148642
20120622,0.0150074
20120625,0.0175122
20120626,0.0196187
20120627,0.0211564
20120628,0.019888
20120629,0.0192838
20120702,0.0186255
20120703,0.0189283
20120705,0.0192609
20120706,0.0189566
20120709,0.018153
20120710,0.0168468
20120711,0.015289
20120712,0.0153776
20120713,0.0156044
20120716,0.016274
20120717,0.025089
20120718,0.0354707
20120719,0.0346342
20120720,0.0362214
20120723,0.0239461
20120724,0.0237993
20120725,0.026849
20120726,0.0241437
20120727,0.0219385
20120730,0.0210159
20120731,0.0199081
20120801,0.0199752
20120802,0.0143428
20120803,0.0144276
20120806,0.0136953
20120807,0.0154908
20120808,0.0153475
20120809,0.0156463
20120810,0.017904
20120813,0.015639
20120814,0.0157433
20120815,0.0159463
20120816,0.0163643
20120817,0.0162671
20120820,0.0174711
20120821,0.0160735
20120822,0.0163402
20120823,0.015861
20120824,0.0179762
20120827,0.0175077
20120828,0.0177226
20120829,0.0178805
20120830,0.0187794
20120831,0.0181465
20120904,0.0187842
20120905,0.0296834
20120906,0.0291765
20120907,0.0280216
20120910,0.0263567
20120911,0.0282547
20120912,0.0261775
20120913,0.0251746
20120914,0.0261183
20120917,0.023443
20120918,0.0298866
20120919,0.0138257
20120920,0.0145977
20120921,0.0153758
20120924,0.014213
20120925,0.0196056
20120926,0.0187837
20120927,0.0190629
20120928,0.0197862
20121001,0.0215841
20121002,0.0199278
20121003,0.0319115
20121004,0.0320306
20121005,0.0311988
20121008,0.0322043
20121009,0.0337907
20121010,0.0333161
20121011,0.0311773
20121012,0.0353334
20121015,0.0388241
20121016,0.041826
20121017,0.0236039
20121018,0.022202
20121019,0.02873
20121022,0.0296811
20121023,0.0323221
20121024,0.0248542
20121025,0.0305941
20121026,0.0287278
20121031,0.0357581
20121101,0.0351537
20121102,0.0315492
20121105,0.0307094
20121106,0.0360461
20121107,0.0469476
20121108,0.0397289
20121109,0.039799
20121112,0.0446411
20121113,0.0407453
20121114,0.0504342
20121115,0.0644261
20121116,0.0773749
20121119,0.0665127
20121120,0.0604026
20121121,0.0569841
20121123,0.0558772
20121126,0.0487535
20121127,0.0445386
20121128,0.0369053
20121129,0.0288518
20121130,0.0204913
20121203,0.0173058
20121204,0.015719
20121205,0.0171235
20121206,0.0160459
20121207,0.0155223
20121210,0.0153675
20121211,0.0154705
20121212,0.0169703
20121213,0.0162403
20121214,0.0162104
20121217,0.016171
20121218,0.0159664
20121219,0.0157796
20121220,0.0177523
20121221,0.0175568
20121224,0.0165704
20121226,0.0192035
20121227,0.0164568
20121228,0.0161977
20121231,0.0161973
20130102,0.0182301
20130103,0.0207459
20130104,0.020229
20130107,0.0159878
20130108,0.0207494
20130109,0.0247981
20130110,0.016383
20130111,0.0190013
20130114,0.0158954
20130115,0.0251097
20130116,0.0159481
20130117,0.0164284
20130118,0.030033
20130122,0.0354266
20130123,0.0201482
20130124,0.0228275
20130125,0.0319789
20130128,0.0181047
20130129,0.0188703
20130130,0.0180366
20130131,0.0189672
20130201,0.0257376
20130204,0.0177418
20130205,0.0181406
20130206,0.0186407
20130207,0.0182209
20130208,0.0273701
20130211,0.0184661
20130212,0.0174777
20130213,0.0245397
20130214,0.0170037
20130215,0.0160997
20130219,0.0174824
20130220,0.0243389
20130221,0.0169988
20130222,0.0177767
20130225,0.0204795
20130226,0.0206851
20130227,0.021526
20130228,0.0360432
20130301,0.0231133
20130304,0.0279742
20130305,0.0271959
20130306,0.0228665
20130307,0.0220603
20130308,0.0385083
20130311,0.0190379
20130312,0.0345404
20130313,0.0255477
20130314,0.0168797
20130315,0.0169222
20130318,0.0171534
20130319,0.0221374
20130320,0.0164342
20130321,0.014969
20130322,0.016258
20130325,0.0153489
20130326,0.0171891
20130327,0.0160815
20130328,0.0158212
20130401,0.0167175
20130402,0.0172224
20130403,0.0175171
20130404,0.0218758
20130405,0.0228841
20130408,0.028278
20130409,0.0375945
20130410,0.0221406
20130411,0.0263771
20130412,0.027861
20130415,0.026935
20130416,0.0283116
20130417,0.0251739
20130418,0.020572
20130419,0.0257468
20130422,0.0216118
20130423,0.0236423
20130424,0.0327675
20130425,0.0311169
20130426,0.0240376
20130429,0.0384702
20130430,0.0294799
20130501,0.0238896
20130502,0.0338389
20130503,0.0180487
20130506,0.0190868
20130507,0.0178787
20130508,0.0177286
20130509,0.026021
20130510,0.0185113
20130513,0.0175072
20130514,0.0173362
20130515,0.0173679
20130516,0.0170341
20130517,0.0177124
20130520,0.0161542
20130521,0.016017
20130522,0.0216624
20130523,0.0156966
20130524,0.0151833
20130528,0.0152566
20130529,0.0158427
20130530,0.0159559
20130531,0.0176094
20130603,0.0222173
20130604,0.0266404
20130605,0.0244898
20130606,0.0242596
20130607,0.0244245
20130610,0.0256649
20130611,0.0263019
20130612,0.0377731
20130613,0.0400835
20130614,0.0361203
20130617,0.0327358
20130618,0.0289306
20130619,0.0262301
20130620,0.037019
20130621,0.0392543
20130624,0.0395513
20130625,0.0417114
20130626,0.0308884
20130627,0.0253005
20130628,0.0306169
20130701,0.0297039
20130702,0.0271921
20130703,0.0269407
20130705,0.0162721
20130708,0.0154608
20130709,0.0159737
20130710,0.0215569
20130711,0.0145795
20130712,0.0211666
20130715,0.0141657
20130716,0.0134551
20130717,0.0141489
20130718,0.0141634
20130719,0.0136
20130722,0.0147809
20130723,0.0141772
20130724,0.0147195
20130725,0.0149718
20130726,0.0142862
20130729,0.0157339
20130730,0.014975
20130731,0.0165519
20130801,0.0155749
20130802,0.0150614
20130805,0.0151928
20130806,0.0179582
20130807,0.0160214
20130808,0.0155417
20130809,0.016271
20130812,0.0153402
20130813,0.0157308
20130814,0.0163093
20130815,0.019092
20130816,0.0167841
20130819,0.0173248
20130820,0.0173258
20130821,0.020584
20130822,0.0230812
20130823,0.0226101
20130826,0.0226069
20130827,0.0253293
20130828,0.0277687
20130829,0.0211764
20130830,0.0217986
20130903,0.0216565
20130904,0.0207179
20130905,0.0142444
20130906,0.0134444
20130909,0.0148216
20130910,0.0291922
20130911,0.0156581
20130912,0.0243678
20130913,0.0149207
20130916,0.0163561
20130917,0.0159286
20130918,0.0162702
20130919,0.0166254
20130920,0.0176324
20130923,0.0164767
20130924,0.0159194
20130925,0.0155391
20130926,0.0238737
20130927,0.0322682
20130930,0.0316052
20131001,0.0335563
20131002,0.0371825
20131003,0.0444547
20131004,0.0434641
20131007,0.0418069
20131008,0.0477824
20131009,0.0517378
20131010,0.0383135
20131011,0.0347176
20131014,0.0262636
20131015,0.0362537
20131016,0.0236666
20131017,0.0262317
20131018,0.017435
20131021,0.0165865
20131022,0.0163917
20131023,0.0275807
20131024,0.0160703
20131025,0.0164089
20131028,0.0174957
20131029,0.0200798
20131030,0.0170923
20131031,0.0229562
20131101,0.0176572
20131104,0.0192727
20131105,0.0198907
20131106,0.0195618
20131107,0.0232817
20131108,0.0237241
20131111,0.0225084
20131112,0.0214334
20131113,0.0285006
20131114,0.0231439
20131115,0.0238389
20131118,0.0254569
20131119,0.0261067
20131120,0.026188
20131121,0.0238005
20131122,0.0162983
20131125,0.0174892
20131126,0.0197887
20131127,0.0228968
20131129,0.015998
20131202,0.0163495
20131203,0.0170274
20131204,0.0160128
20131205,0.0220241
20131206,0.0209831
20131209,0.0236993
20131210,0.0249372
20131211,0.0219318
20131212,0.0213573
20131213,0.0217347
20131216,0.0234127
20131217,0.0303331
20131218,0.0295753
20131219,0.0254448
20131220,0.0166527
20131223,0.0185911
20131224,0.0299883
20131226,0.0212664
20131227,0.0239649
20131230,0.0258653
20131231,0.0251794
20140102,0.0218042
20140103,0.0204437
20140106,0.0191286
20140107,0.0187717
20140108,0.0185549
20140109,0.0147285
20140110,0.0201557
20140113,0.0139971
20140114,0.0139233
20140115,0.0149063
20140116,0.0143434
20140117,0.017075
20140121,0.0194739
20140122,0.0182574
20140123,0.0206969
20140124,0.02953
20140127,0.0266613
20140128,0.0291042
20140129,0.0281203
20140130,0.0294874
20140131,0.0265754
20140203,0.0273647
20140204,0.0298845
20140205,0.0309013
20140206,0.029285
20140207,0.0202011
20140210,0.0297623
20140211,0.0332251
20140212,0.029853
20140213,0.0303536
20140214,0.0304131
20140218,0.0172875
20140219,0.0179753
20140220,0.0324235
20140221,0.0194374
20140224,0.0151017
20140225,0.0166213
20140226,0.0155088
20140227,0.0152014
20140228,0.0163264
20140303,0.0163607
20140304,0.0147135
20140305,0.0155279
20140306,0.0150204
20140307,0.0182766
20140310,0.0154688
20140311,0.0164652
20140312,0.0156812
20140313,0.0275243
20140314,0.0263393
20140317,0.0255424
20140318,0.0303534
20140319,0.032821
20140320,0.0292496
20140321,0.0296429
20140324,0.0321337
20140325,0.0297694
20140326,0.0298438
20140327,0.0189533
20140328,0.019804
20140331,0.0196706
20140401,0.0159751
20140402,0.0211142
20140403,0.0165342
20140404,0.017619
20140407,0.0278372
20140408,0.0285992
20140409,0.0192388
20140410,0.0174537
20140411,0.0182238
20140414,0.0280021
20140415,0.0166981
20140416,0.0171004
20140417,0.0172644
20140421,0.0313892
20140422,0.0360574
20140423,0.0343625
20140424,0.0164796
20140425,0.0293383
20140428,0.01684
20140429,0.0157559
20140430,0.0177204
20140501,0.0157163
20140502,0.0146249
20140505,0.0155458
20140506,0.0157805
20140507,0.0157265
20140508,0.0160546
20140509,0.0157611
20140512,0.0141022
20140513,0.0146643
20140514,0.0145358
20140515,0.0169038
20140516,0.0250288
20140519,0.0233596
20140520,0.0249298
20140521,0.0282943
20140522,0.0255277
20140523,0.0244681
20140527,0.0254201
20140528,0.0279411
20140529,0.0251487
20140530,0.0243982
20140602,0.0181263
20140603,0.0181902
20140604,0.0174
20140605,0.0182177
20140606,0.0193757
20140609,0.018164
20140610,0.0191329
20140611,0.0177314
20140612,0.0166557
20140613,0.0172721
20140616,0.0191316
20140617,0.0161889
20140618,0.020197
20140619,0.0153844
20140620,0.016611
20140623,0.0258654
20140624,0.0265191
20140625,0.0265453
20140626,0.0164105
20140627,0.0157911
20140630,0.0161275
20140701,0.0157265
20140702,0.0153556
20140703,0.0170293
20140707,0.0151934
20140708,0.0168733
20140709,0.0164519
20140710,0.0158753
20140711,0.014184
20140714,0.0135308
20140715,0.0128614
20140716,0.0178641
20140717,0.0166658
20140718,0.0149191
20140721,0.0193433
20140722,0.0159252
20140723,0.0159018
20140724,0.0146153
20140725,0.0155431
20140728,0.015349
20140729,0.0188159
20140730,0.0160743
20140731,0.0249169
20140801,0.0244046
20140804,0.0276697
20140805,0.0306891
20140806,0.02979
20140807,0.037771
20140808,0.0495173
20140811,0.0474325
20140812,0.0462878
20140813,0.0447648
20140814,0.0340031
20140815,0.0295781
20140818,0.0299497
20140819,0.0253667
20140820,0.0234303
20140821,0.013655
20140822,0.012665
20140825,0.0226371
20140826,0.0224638
20140827,0.0152241
20140828,0.0239623
20140829,0.0189978
20140902,0.0201922
20140903,0.0207005
20140904,0.0332558
20140905,0.0246947
20140908,0.0243537
20140909,0.0329992
20140910,0.0360757
20140911,0.0364333
20140912,0.0350913
20140915,0.0317524
20140916,0.036466
20140917,0.0367172
20140918,0.0364932
20140919,0.031567
20140922,0.0372153
20140923,0.0294228
20140924,0.0316292
20140925,0.0341019
20140926,0.0346634
20140929,0.0321799
20140930,0.0318647
20141001,0.0320207
20141002,0.0397957
20141003,0.0394519
20141006,0.0295055
20141007,0.0311753
20141008,0.0254677
20141009,0.0241144
20141010,0.0265066
20141013,0.0195314
20141014,0.0255543
20141015,0.0317798
20141016,0.0307196
20141017,0.0351954
20141020,0.032713
20141021,0.0364159
20141022,0.0296508
20141023,0.0306488
20141024,0.042692
20141027,0.0306314
20141028,0.036782
20141029,0.0194401
20141030,0.0148324
20141031,0.0291675
20141103,0.0163264
20141104,0.0152203
20141105,0.0249341
20141106,0.0161963
20141107,0.0154122
20141110,0.0161432
20141111,0.0213391
20141112,0.014441
20141113,0.0196355
20141114,0.021063
20141117,0.0198104
20141118,0.0209278
20141119,0.0235625
20141120,0.0232173
20141121,0.0229386
20141124,0.0225519
20141125,0.0238373
20141126,0.0223298
20141128,0.0158448
20141201,0.0143739
20141202,0.0186067
20141203,0.0154278
20141204,0.0150186
20141205,0.01383
20141208,0.0132691
20141209,0.0192259
20141210,0.0166969
20141211,0.0262581
20141212,0.0256976
20141215,0.0273527
20141216,0.0263976
20141217,0.0244301
20141218,0.0291828
20141219,0.0256559
20141222,0.0271182
20141223,0.027311
20141224,0.034392
20141226,0.0134602
20141229,0.022962
20141230,0.0140995
20141231,0.014126
20150102,0.0147601
20150105,0.0144928
20150106,0.0152368
20150107,0.0232081
20150108,0.0239756
20150109,0.024014
20150112,0.0217656
20150113,0.0241784
20150114,0.0256951
20150115,0.0245164
20150116,0.0297587
20150120,0.0375466
20150121,0.0284229
20150122,0.0187069
20150123,0.0275372
20150126,0.0226442
20150127,0.0183145
20150128,0.0162323
20150129,0.0242943
20150130,0.0315726
20150202,0.0261334
20150203,0.0260723
20150204,0.0425066
20150205,0.0307928
20150206,0.0408495
20150209,0.0285138
20150210,0.0249598
20150211,0.0263333
20150212,0.0255656
20150213,0.0183341
20150217,0.0151692
20150218,0.0189223
20150219,0.0203688
20150220,0.0213392
20150223,0.0170098
20150224,0.0166852
20150225,0.0172736
20150226,0.0220045
20150227,0.0162753
20150302,0.0361438
20150303,0.0280679
20150304,0.034729
20150305,0.0399964
20150306,0.0420473
20150309,0.0400055
20150310,0.0431808
20150311,0.0500919
20150312,0.0531975
20150313,0.0466857
20150316,0.0441056
20150317,0.0463353
20150318,0.0306495
20150319,0.0305798
20150320,0.027042
20150323,0.030052
20150324,0.0290655
20150325,0.0164047
20150326,0.0155551
20150327,0.0289416
20150330,0.0237896
20150331,0.0205009
20150401,0.0161404
20150402,0.0206713
20150406,0.0228512
20150407,0.0167444
20150408,0.0172916
20150409,0.0245475
20150410,0.0152485
20150413,0.0154026
20150414,0.0184704
20150415,0.0152552
20150416,0.0161413
20150417,0.016511
20150420,0.0206195
20150421,0.0178856
20150422,0.016847
20150423,0.01717
20150424,0.0164093
20150427,0.0190328
20150428,0.0165033
20150429,0.0169345
20150430,0.0162602
20150501,0.0165081
20150504,0.0166795
20150505,0.0177587
20150506,0.0220465
20150507,0.0310346
20150508,0.0318948
20150511,0.0424418
20150512,0.0430414
20150513,0.0498215
20150514,0.0514478
20150515,0.0689725
20150518,0.0628878
20150519,0.057593
20150520,0.0579309
20150521,0.0449078
20150522,0.0450006
20150526,0.0381432
20150527,0.0383076
20150528,0.029401
20150529,0.0321727
20150601,0.0369273
20150602,0.0397436
20150603,0.0344247
20150604,0.0395334
20150605,0.0358805
20150608,0.0491494
20150609,0.0413945
20150610,0.0398991
20150611,0.0367278
20150612,0.039605
20150615,0.0366399
20150616,0.0275995
20150617,0.024935
20150618,0.0261516
20150619,0.0223759
20150622,0.0194117
20150623,0.0153145
20150624,0.0269964
20150625,0.0292404
20150626,0.0321084
20150629,0.0240069
20150630,0.0345128
20150701,0.0372094
20150702,0.0399553
20150706,0.0412688
20150707,0.0371024
20150708,0.0436944
20150709,0.0356451
20150710,0.0290842
20150713,0.0390381
20150714,0.0282106
20150715,0.0215319
20150716,0.0241633
20150717,0.0286228
20150720,0.025582
20150721,0.0227973
20150722,0.027483
20150723,0.0364408
20150724,0.0308612
20150727,0.0309238
20150728,0.0431527
20150729,0.0536479
20150730,0.0448903
20150731,0.0337435
20150803,0.0282519
20150804,0.0318801
20150805,0.0317114
20150806,0.01985
20150807,0.0320052
20150810,0.0311246
20150811,0.0233335
20150812,0.0346458
20150813,0.0330601
20150814,0.0283109
20150817,0.0231576
20150818,0.025382
20150819,0.0236686
20150820,0.0227068
20150821,0.0156414
20150824,0.0195317
20150825,0.0166744
20150826,0.0224849
20150827,0.0234104
20150828,0.0225146
20150831,0.0251618
20150901,0.025703
20150902,0.0222963
20150903,0.0268589
20150904,0.0274316
20150908,0.023178
20150909,0.0220147
20150910,0.0177894
20150911,0.0175541
20150914,0.0175873
20150915,0.0175857
20150916,0.0168135
20150917,0.0171985
20150918,0.0206917
20150921,0.02278
20150922,0.0200381
20150923,0.029042
20150924,0.0275923
20150925,0.0348213
20150928,0.0330481
20150929,0.0377198
20150930,0.0349335
20151001,0.0294409
20151002,0.0345875
20151005,0.0313323
20151006,0.0260685
20151007,0.0295305
20151008,0.0300103
20151009,0.0133835
20151012,0.01332
20151013,0.0285935
20151014,0.0157657
20151015,0.0173868
20151016,0.019316
20151019,0.0207966
20151020,0.0263866
20151021,0.0185594
20151022,0.0169889
20151023,0.0186
20151026,0.017081
20151027,0.0203658
20151028,0.0175422
20151029,0.0157356
20151030,0.0173019
20151102,0.0157444
20151103,0.0156127
20151104,0.0163431
20151105,0.0216638
20151106,0.0194629
20151109,0.0160399
20151110,0.0146153
20151111,0.0145453
20151112,0.0162764
20151113,0.0242022
20151116,0.0224416
20151117,0.0223633
20151118,0.0302338
20151119,0.0302826
20151120,0.0266138
20151123,0.0342206
20151124,0.0302021
20151125,0.0259775
20151127,0.0320433
20151130,0.0212629
20151201,0.0139027
20151202,0.0151344
20151203,0.0272761
20151204,0.0275553
20151207,0.0281497
20151208,0.0279754
20151209,0.0284461
20151210,0.0273007
20151211,0.0238297
20151214,0.0352192
20151215,0.0369465
20151216,0.0371984
20151217,0.0272684
20151218,0.0268584
20151221,0.0216709
20151222,0.0257508
20151223,0.0286222
20151224,0.0327354
20151228,0.0214933
20151229,0.0148226
20151230,0.0126397
20151231,0.0175834
20160104,0.0158994
20160105,0.015581
20160106,0.0180788
20160107,0.0147565
20160108,0.0200301
20160111,0.0210977
20160112,0.023391
20160113,0.0298857
20160114,0.0290431
20160115,0.0386339
20160119,0.0443329
20160120,0.0442701
20160121,0.0456785
20160122,0.0429309
20160125,0.0362784
20160126,0.0309104
20160127,0.0280669
20160128,0.0300679
20160129,0.0224049
20160201,0.0152359
20160202,0.0136404
20160203,0.0197223
20160204,0.0213323
20160205,0.0167201
20160208,0.0199518
20160209,0.021962
20160210,0.0217099
20160211,0.0226374
20160212,0.0218153
20160216,0.0209941
20160217,0.0215104
20160218,0.0194871
20160219,0.0190749
20160222,0.0241406
20160223,0.0205944
20160224,0.0154186
20160225,0.0324926
20160226,0.0238231
20160229,0.0293629
20160301,0.0413552
20160302,0.0252346
20160303,0.0271542
20160304,0.0450314
20160307,0.0429372
20160308,0.042604
20160309,0.0234803
20160310,0.0238466
20160311,0.016981
20160314,0.0169484
20160315,0.0162329
20160316,0.0148599
20160317,0.0147704
20160318,0.0183308
20160321,0.0249637
20160322,0.0253295
20160323,0.014969
20160324,0.0152101
20160328,0.0161976
20160329,0.0240894
20160330,0.0251584
20160331,0.0246748
20160401,0.0250711
20160404,0.025208
20160405,0.0307889
20160406,0.0296559
20160407,0.0294183
20160408,0.0302987
20160411,0.0320974
20160412,0.0183204
20160413,0.0198279
20160414,0.0192674
20160415,0.0307512
20160418,0.0300078
20160419,0.0159644
20160420,0.0169188
20160421,0.0158076
20160422,0.0152927
20160425,0.0226453
20160426,0.0154568
20160427,0.0152601
20160428,0.0166835
20160429,0.0258931
20160502,0.0263513
20160503,0.0163365
20160504,0.0214348
20160505,0.0267307
20160506,0.0257768
20160509,0.0480851
20160510,0.0446816
20160511,0.0400286
20160512,0.039198
20160513,0.0428024
20160516,0.0389126
20160517,0.0372499
20160518,0.0333547
20160519,0.0310459
20160520,0.0272744
20160523,0.0174565
20160524,0.0165711
20160525,0.0153754
20160526,0.0178343
20160527,0.0170612
20160531,0.0174041
20160601,0.0180347
20160602,0.0180699
20160603,0.0178157
20160606,0.0172967
20160607,0.0161768
20160608,0.0157284
20160609,0.0202763
20160610,0.0210708
20160613,0.0161496
20160614,0.0214496
20160615,0.0233154
20160616,0.0229768
20160617,0.021787
20160620,0.0232525
20160621,0.0203029
20160622,0.0200228
20160623,0.020426
20160624,0.0244091
20160627,0.0212459
20160628,0.0181443
20160629,0.0153287
20160630,0.0298458
20160701,0.0266832
20160705,0.0293559
20160706,0.0280226
20160707,0.0162747
20160708,0.0158463
20160711,0.0211293
20160712,0.0177484
20160713,0.017902
20160714,0.0171303
20160715,0.0168432
20160718,0.0173242
20160719,0.0172055
20160720,0.0163136
20160721,0.0168419
20160722,0.0156882
20160725,0.017203
20160726,0.016452
20160727,0.0158884
20160728,0.0223397
20160729,0.0260596
20160801,0.0276683
20160802,0.0314889
20160803,0.0307604
20160804,0.0326083
20160805,0.0421641
20160808,0.0323615
20160809,0.0319413
20160810,0.0351669
20160811,0.017915
20160812,0.0156825
20160815,0.0160221
20160816,0.0139719
20160817,0.0143236
20160818,0.0153412
20160819,0.0194073
20160822,0.0161533
20160823,0.0202903
20160824,0.0151247
20160825,0.0153524
20160826,0.0163322
20160829,0.0164873
20160830,0.0167654
20160831,0.0163913
20160901,0.0163741
20160902,0.0161048
20160906,0.0159341
20160907,0.0154829
20160908,0.0165557
20160909,0.0216154
20160912,0.0183778
20160913,0.0277739
20160914,0.0214713
20160915,0.0265962
20160916,0.0301026
20160919,0.0383447
20160920,0.0347058
20160921,0.0330954
20160922,0.043494
20160923,0.0363868
20160926,0.0394143
20160927,0.0338125
20160928,0.0371263
20160929,0.0386173
20160930,0.0502814
20161003,0.0370957
20161004,0.0259922
20161005,0.0304698
20161006,0.026323
20161007,0.0240328
20161010,0.0172824
20161011,0.0168417
20161012,0.0149974
20161013,0.0161467
20161014,0.0161653
20161017,0.0193646
20161018,0.0193607
20161019,0.0194822
20161020,0.0194637
20161021,0.0198765
20161024,0.0199638
20161025,0.018507
20161026,0.0243037
20161027,0.0235556
20161028,0.022479
20161031,0.0210348
20161101,0.0194273
20161102,0.0295253
20161103,0.0331405
20161104,0.0324409
20161107,0.033818
20161108,0.034781
20161109,0.0256654
20161110,0.0393292
20161111,0.0175391
20161114,0.0348988
20161115,0.0351931
20161116,0.0152964
20161117,0.0214495
20161118,0.0179379
20161121,0.0159194
20161122,0.0158599
20161123,0.017254
20161125,0.0167476
20161128,0.0180955
20161129,0.0158308
20161130,0.0164801
20161201,0.0168316
20161202,0.0165511
20161205,0.0163759
20161206,0.0160842
20161207,0.017144
20161208,0.016909
20161209,0.016979
20161212,0.0181542
20161213,0.017068
20161214,0.0151491
20161215,0.0163904
20161216,0.0153704
20161219,0.0153726
20161220,0.0167739
20161221,0.015762
20161222,0.014489
20161223,0.01448
20161227,0.0141516
20161228,0.0280647
20161229,0.0241932
20161230,0.0218891
20170103,0.0270217
20170104,0.0256003
20170105,0.023122
20170106,0.0266886
20170109,0.0245024
20170110,0.0401154
20170111,0.0370046
20170112,0.0298466
20170113,0.0352402
20170117,0.0402751
20170118,0.0385412
20170119,0.0552374
20170120,0.059331
20170123,0.0647186
20170124,0.0668824
20170125,0.0638306
20170126,0.052612
20170127,0.0516515
20170130,0.0420394
20170131,0.0522739
20170201,0.0601678
20170202,0.0413117
20170203,0.0354204
20170206,0.0285501
20170207,0.0336908
20170208,0.0295329
20170209,0.0319546
20170210,0.0324074
20170213,0.038392
20170214,0.026444
20170215,0.018265
20170216,0.0196123
20170217,0.0199499
20170221,0.0209092
20170222,0.0143569
20170223,0.0159145
20170224,0.0141417
20170227,0.0117858
20170228,0.00996896
20170301,0.0184449
20170302,0.0215922
20170303,0.0121987
20170306,0.0207785
20170307,0.0131372
20170308,0.0116558
20170309,0.0194645
20170310,0.0115263
20170313,0.0166507
20170314,0.0163021
20170315,0.0145222
20170316,0.0149475
20170317,0.0189062
20170320,0.0194573
20170321,0.0162593
20170322,0.0195172
20170323,0.0313814
20170324,0.0310738
20170327,0.0400579
20170328,0.0388593
20170329,0.0373874
20170330,0.0393543
20170331,0.0399119
20170403,0.0428261
20170404,0.038458
20170405,0.036911
20170406,0.0240557
20170407,0.0301949
20170410,0.0187555
20170411,0.0175953
20170412,0.0188915
20170413,0.025143
20170417,0.017392
20170418,0.0225718
20170419,0.0226434
20170420,0.0272773
20170421,0.0389315
20170424,0.0337956
20170425,0.0363712
20170426,0.0380911
20170427,0.0454561
20170428,0.0393221
20170501,0.0365171
20170502,0.0432724
20170503,0.0423848
20170504,0.0397985
20170505,0.0371938
20170508,0.0393967
20170509,0.0364165
20170510,0.0347505
20170511,0.029332
20170512,0.0327371
20170515,0.0254056
20170516,0.0206749
20170517,0.0175319
20170518,0.0169176
20170519,0.0157539
20170522,0.014001
20170523,0.0152427
20170524,0.0183808
20170525,0.0144752
20170526,0.022847
20170530,0.0229257
20170531,0.0266724
20170601,0.0333595
20170602,0.0275736
20170605,0.0280878
20170606,0.0277503
20170607,0.0248066
20170608,0.0362363
20170609,0.0422651
20170612,0.0331906
20170613,0.0332159
20170614,0.0269835
20170615,0.0283708
20170616,0.0327546
20170619,0.0276721
20170620,0.025751
20170621,0.0234371
20170622,0.0219441
20170623,0.0232021
20170626,0.024037
20170627,0.0258659
20170628,0.0300058
20170629,0.0262102
20170630,0.0282638
20170703,0.0292821
20170705,0.0315887
20170706,0.0299643
20170707,0.0332271
20170710,0.0252313
20170711,0.0251927
20170712,0.0283625
20170713,0.0265141
20170714,0.0237319
20170717,0.0237153
20170718,0.0229152
20170719,0.024386
20170720,0.0226614
20170721,0.0146655
20170724,0.0171259
20170725,0.0153252
20170726,0.015424
20170727,0.0171421
20170728,0.0162804
20170731,0.0179372
20170801,0.0191992
20170802,0.0176046
20170803,0.0173686
20170804,0.0183702
20170807,0.0285852
20170808,0.033948
20170809,0.0353243
20170810,0.0304371
20170811,0.0299955
20170814,0.0286265
20170815,0.0285264
20170816,0.0358237
20170817,0.0429692
20170818,0.0407279
20170821,0.0215009
20170822,0.0206401
20170823,0.0222771
20170824,0.0193751
20170825,0.0155809
20170828,0.0186731
20170829,0.0173779
20170830,0.0148386
20170831,0.0152332
20170901,0.0153851
20170905,0.0158258
20170906,0.015921
20170907,0.0159188
20170908,0.01512
20170911,0.0165986
20170912,0.0152514
20170913,0.0145056
20170914,0.014685
20170915,0.013843
20170918,0.0176184
20170919,0.0134567
20170920,0.0148394
20170921,0.0154442
20170922,0.0141906
20170925,0.0279271
20170926,0.0164201
20170927,0.0164045
20170928,0.0257021
20170929,0.0160271
20171002,0.0226884
20171003,0.0170188
20171004,0.0151842
20171005,0.0168239
20171006,0.0162542
20171009,0.0145839
20171010,0.0180452
20171011,0.0145561
20171012,0.0144314
20171013,0.0161237
20171016,0.0144653
20171017,0.0157225
20171018,0.0156165
20171019,0.0160681
20171020,0.0157547
20171023,0.023242
20171024,0.0242637
20171025,0.0328708
20171026,0.0347955
20171027,0.0372907
20171030,0.0357878
20171031,0.0371145
20171101,0.0410737
20171102,0.0393894
20171103,0.0474972
20171106,0.0314786
20171107,0.0279242
20171108,0.0250857
20171109,0.0233173
20171110,0.0180718
20171113,0.0186497
20171114,0.0180839
20171115,0.0261743
20171116,0.0249725
20171117,0.0246023
20171120,0.0297996
20171121,0.0377342
20171122,0.0370265
20171124,0.0362027
20171127,0.0417413
20171128,0.0362374
20171129,0.0371605
20171130,0.0296743
20171201,0.0299187
20171204,0.0267936
20171205,0.023719
20171206,0.0160202
20171207,0.0140886
20171208,0.0158084
20171211,0.0160517
20171212,0.0155856
20171213,0.0149043
20171214,0.0160521
20171215,0.0159369
20171218,0.0159328
20171219,0.0161317
20171220,0.0161294
20171221,0.0174229
20171222,0.0173896
20171226,0.0222289
20171227,0.022642
20171228,0.0166474
20171229,0.0169423
20180102,0.0180244
20180103,0.0191817
20180104,0.0174878
20180105,0.0238154
20180108,0.0226849
20180109,0.0168568
20180110,0.0161454
20180111,0.0254881
20180112,0.0169187
20180116,0.0166517
20180117,0.016715
20180118,0.0172768
20180119,0.016675
20180122,0.0188431
20180123,0.0174071
20180124,0.0177083
20180125,0.0180427
20180126,0.0168423
20180129,0.0165338
20180130,0.0163953
20180131,0.0242407
20180201,0.0214285
20180202,0.0174095
20180205,0.0173838
20180206,0.0170071
20180207,0.0258055
20180208,0.0255548
20180209,0.0342498
20180212,0.0394779
20180213,0.0389007
20180214,0.0253899
20180215,0.0266063
20180216,0.0248815
20180220,0.0297729
20180221,0.0251223
20180222,0.0179454
20180223,0.0185882
20180226,0.0143959
20180227,0.014371
20180228,0.0219043
20180301,0.0173911
20180302,0.0189291
20180305,0.0190877
20180306,0.0237293
20180307,0.0187353
20180308,0.0237775
20180309,0.0185165
20180312,0.0188964
20180313,0.0199319
20180314,0.0189265
20180315,0.0163846
20180316,0.0141216
20180319,0.0213322
20180320,0.0215506
20180321,0.0200211
20180322,0.023422
20180323,0.0230702
20180326,0.020928
20180327,0.0228155
20180328,0.0314224
20180329,0.029973
20180402,0.0273585
20180403,0.0275172
20180404,0.0235265
20180405,0.0243805
20180406,0.0223529
20180409,0.0235453
20180410,0.0263113
20180411,0.0235237
20180412,0.0166541
20180413,0.021411
20180416,0.0163242
20180417,0.0156437
20180418,0.0171462
20180419,0.0165795
20180420,0.0257834
20180423,0.0243624
20180424,0.0160282
20180425,0.0183619
20180426,0.0188029
20180427,0.0183408
20180430,0.0228617
20180501,0.0235741
20180502,0.0193919
20180503,0.0204158
20180504,0.0204533
20180507,0.020961
20180508,0.0193513
20180509,0.0190436
20180510,0.0202003
20180511,0.020073
20180514,0.0184507
20180515,0.0196515
20180516,0.017528
20180517,0.0174319
20180518,0.0185622
20180521,0.0179192
20180522,0.0159088
20180523,0.0160329
20180524,0.0159995
20180525,0.0164489
20180529,0.0150607
20180530,0.0158781
20180531,0.0155654
20180601,0.0154522
20180604,0.0206606
20180605,0.0171242
20180606,0.0140378
20180607,0.013891
20180608,0.0207256
20180611,0.0168306
20180612,0.0152843
20180613,0.0143945
20180614,0.0162116
20180615,0.0170175
20180618,0.0147422
20180619,0.0172719
20180620,0.0158714
20180621,0.0181873
20180622,0.01289
20180625,0.0134548
20180626,0.0144386
20180627,0.0187883
20180628,0.0155699
20180629,0.0194368
20180702,0.0175167
20180703,0.0166485
20180705,0.0145921
20180706,0.0163125
20180709,0.0187488
20180710,0.0171401
20180711,0.0166506
20180712,0.0181548
20180713,0.0195331
20180716,0.0168637
20180717,0.0179864
20180718,0.0251404
20180719,0.0179953
20180720,0.018916
20180723,0.0182742
20180724,0.016908
20180725,0.017659
20180726,0.0175161
20180727,0.0152264
20180730,0.0159997
20180731,0.0164478
20180801,0.0157297
20180802,0.0146006
20180803,0.0153587
20180806,0.014489
20180807,0.0152022
20180808,0.0154502
20180809,0.0136052
20180810,0.0168087
20180813,0.0132049
20180814,0.0121824
20180815,0.0118174
20180816,0.0118347
20180817,0.0148495
20180820,0.0147393
20180821,0.0202663
20180822,0.0188768
20180823,0.012911
20180824,0.0107019
20180827,0.00243634
20180828,0.0133336
20180829,0.0112571
20180830,0.0133827
20180831,0.0139882
20180904,0.0149729
20180905,0.0146712
20180906,0.0237457
20180907,0.0238518
20180910,0.0242541
20180911,0.0241448
20180912,0.0261335
20180913,0.0236971
20180914,0.0236977
20180917,0.0238518
20180918,0.0237322
20180919,0.0234847
20180920,0.0154026
20180921,0.0157192
20180924,0.0158036
20180925,0.0157499
20180926,0.0158023
20180927,0.015911
20180928,0.0163344
20181001,0.0142993
20181002,0.0142079
20181003,0.0150422
20181004,0.0217776
20181005,0.0142258
20181008,0.0214332
20181009,0.015581
20181010,0.0225023
20181011,0.0306344
20181012,0.0276197
20181015,0.047265
20181016,0.0363469
20181017,0.0412288
20181018,0.0419118
20181019,0.0438043
20181022,0.0514913
20181023,0.0512599
20181024,0.0488016
20181025,0.0416545
20181026,0.0387951
20181029,0.0348501
20181030,0.043765
20181031,0.0428319
20181101,0.0366109
20181102,0.036102
20181105,0.0334452
20181106,0.0291807
20181107,0.0308348
20181108,0.0307655
20181109,0.0223794
20181112,0.0190721
20181113,0.0190476
20181114,0.0233136
20181115,0.0264362
20181116,0.0244219
20181119,0.02351
20181120,0.0265374
20181121,0.0272926
20181123,0.0294767
20181126,0.0177682
20181127,0.0224217
20181128,0.0254057
20181129,0.0214434
20181130,0.0121582
20181203,0.0137871
20181204,0.0193515
20181206,0.0298566
20181207,0.0190496
20181210,0.0216261
20181211,0.0246708
20181212,0.0265272
20181213,0.0196549
20181214,0.0202787
20181217,0.021012
20181218,0.0232181
20181219,0.0297752
20181220,0.0227226
20181221,0.0217776
20181224,0.0233581
20181226,0.0227826
20181227,0.0255443
20181228,0.0271469
20181231,0.0271767
20190102,0.0323119
20190103,0.0235209
20190104,0.0145766
20190107,0.0184139
20190108,0.0149346
20190109,0.0217814
20190110,0.0169277
20190111,0.0135423
20190114,0.0216724
20190115,0.0192819
20190116,0.0174567
20190117,0.0264082
20190118,0.0231493
20190122,0.0288974
20190123,0.0375464
20190124,0.0308863
20190125,0.0252541
20190128,0.0253785
20190129,0.0243668
20190130,0.0296621
20190131,0.0226863
20190201,0.0169416
20190204,0.0208578
20190205,0.0165755
20190206,0.0163884
20190207,0.0174322
20190208,0.0136338
20190211,0.0131641
20190212,0.0145535
20190213,0.0150882
20190214,0.0135444
20190215,0.0132894
20190219,0.0145255
20190221,0.0160227
20190222,0.0222533
20190225,0.0161867
20190226,0.0158535
20190227,0.0172438
20190228,0.0181031
20190301,0.0166056
20190304,0.0170179
20190305,0.0166483
20190306,0.0169724
20190307,0.0230614
20190308,0.0199416
20190311,0.0199931
20190312,0.0181831
20190313,0.0257347
20190314,0.0210857
20190315,0.0187223
20190318,0.0323517
20190319,0.0245794
20190320,0.0210222
20190321,0.0285812
20190322,0.0159024
20190325,0.0164056
20190326,0.0170472
20190327,0.0152293
20190328,0.015211
20190329,0.0147934
20190401,0.0169055
20190402,0.0175209
20190403,0.0168299
20190404,0.0200859
20190405,0.0169612
20190408,0.017351
20190409,0.0202152
20190410,0.0255491
20190411,0.0165813
20190412,0.0175157
20190415,0.0164
20190416,0.0168259
20190417,0.0178985
20190418,0.0165438
20190422,0.016502
20190423,0.0166983
20190424,0.0164054
20190425,0.017796
20190426,0.0171238
20190429,0.0172776
20190430,0.0176118
20190501,0.0139605
20190502,0.0107688
20190503,0.0112688
