20080115,0.0014323
20080116,0.00135016
20080117,0.00165433
20080118,0.0018231
20080122,0.00168962
20080123,0.00176149
20080124,0.0113549
20080125,0.011326
20080128,0.011584
20080129,0.011036
20080130,0.0217355
20080131,0.0118996
20080201,0.0121415
20080204,0.0120709
20080205,0.0121492
20080206,0.00142139
20080207,0.00106588
20080208,0.00248326
20080211,0.0023485
20080212,0.00274893
20080213,0.00239085
20080214,0.00258722
20080215,0.00137968
20080219,0.00163251
20080220,0.0124694
20080221,0.0127684
20080222,0.0125464
20080225,0.0127838
20080226,0.0199575
20080227,0.00920277
20080228,0.0236533
20080229,0.0260024
20080303,0.026331
20080304,0.0182679
20080305,0.0179984
20080306,0.00391492
20080307,0.00106139
20080310,0.00128855
20080311,0.00159273
20080312,0.00193283
20080313,0.00231914
20080314,0.00263743
20080317,0.00222802
20080318,0.00210994
20080319,0.00259315
20080320,0.00292812
20080324,0.00350776
20080325,0.0183059
20080326,0.0184715
20080327,0.0323695
20080328,0.0317637
20080331,0.041054
20080401,0.0259061
20080402,0.0294689
20080403,0.0152417
20080404,0.0260356
20080407,0.0220234
20080408,0.0223372
20080409,0.030982
20080410,0.0314658
20080411,0.021261
20080414,0.0154303
20080415,0.0153841
20080416,0.00249112
20080417,0.00221647
20080418,0.00229347
20080421,0.00184299
20080422,0.00173518
20080423,0.0171304
20080424,0.0172484
20080425,0.0174853
20080428,0.0356641
20080429,0.0468436
20080430,0.0552658
20080501,0.0668702
20080502,0.0665378
20080505,0.0541964
20080506,0.0425471
20080507,0.0189878
20080508,0.013366
20080509,0.0132973
20080512,0.0148377
20080513,0.0145413
20080514,0.014513
20080515,0.00876271
20080516,0.00850603
20080519,0.00214973
20080520,0.00191871
20080521,0.0100743
20080522,0.009602
20080523,0.0111344
20080527,0.0109765
20080528,0.0112178
20080529,0.0110502
20080530,0.0106048
20080602,0.00915328
20080603,0.0122185
20080604,0.0292448
20080605,0.0211163
20080606,0.0321252
20080609,0.032387
20080610,0.0290599
20080611,0.012402
20080612,0.0147236
20080613,0.00504308
20080616,0.00846718
20080617,0.00810911
20080618,0.023993
20080619,0.0216182
20080620,0.0204926
20080623,0.0169774
20080624,0.0169556
20080625,0.00177754
20080626,0.0119106
20080627,0.0244665
20080630,0.0244665
20080701,0.0246898
20080702,0.0239057
20080703,0.0140139
20080707,0.0012924
20080708,0.00170438
20080709,0.00193411
20080710,0.0111214
20080711,0.0107466
20080714,0.0154972
20080715,0.0153316
20080716,0.0154933
20080717,0.00665767
20080718,0.00662687
20080721,0.00240385
20080722,0.002477
20080723,0.0308272
20080724,0.0476692
20080725,0.055499
20080728,0.0545171
20080729,0.0541642
20080730,0.0267984
20080731,0.00919403
20080801,0.00204577
20080804,0.0131876
20080805,0.0165675
20080806,0.0286702
20080807,0.0378912
20080808,0.0378835
20080811,0.0343314
20080812,0.0422319
20080813,0.0292277
20080814,0.0237548
20080815,0.0235905
20080818,0.0185054
20080819,0.00807698
20080820,0.00825986
20080821,0.00411962
20080822,0.00441609
20080825,0.00205203
20080826,0.00121797
20080827,0.00121797
20080828,0.00151444
20080829,0.0014631
20080902,0.00195978
20080903,0.00200727
20080904,0.00922134
20080905,0.00889664
20080908,0.0243632
20080909,0.0422054
20080910,0.0513976
20080911,0.043665
20080912,0.052487
20080915,0.0483091
20080916,0.0308174
20080917,0.0346504
20080918,0.0348114
20080919,0.027726
20080922,0.0191688
20080923,0.0190828
20080924,0.00576238
20080925,0.00584259
20080926,0.00426264
20080929,0.0156229
20080930,0.016203
20081001,0.0157519
20081002,0.0160612
20081003,0.0163333
20081006,0.00246353
20081007,0.0161145
20081008,0.0160201
20081009,0.0189833
20081010,0.0226595
20081013,0.0508326
20081014,0.0396693
20081015,0.0535525
20081016,0.0746359
20081017,0.0709482
20081020,0.0435354
20081021,0.0404934
20081022,0.0382705
20081023,0.0221263
20081024,0.0412998
20081027,0.0404123
20081028,0.0533692
20081029,0.0417397
20081030,0.0335659
20081031,0.0345752
20081103,0.0346946
20081104,0.0243298
20081105,0.0241219
20081106,0.0240642
20081107,0.00352909
20081110,0.00363689
20081111,0.00160813
20081112,0.0222137
20081113,0.0345092
20081114,0.0416081
20081117,0.040856
20081118,0.0408098
20081119,0.0201388
20081120,0.00801272
20081121,0.00559106
20081124,0.00591577
20081125,0.00632261
20081126,0.00640604
20081128,0.00613523
20081201,0.00183144
20081202,0.00184428
20081203,0.00135529
20081204,0.00154139
20081205,0.00238203
20081208,0.00220877
20081209,0.00241668
20081210,0.00251294
20081211,0.00237818
20081212,0.00109861
20081215,0.00128342
20081216,0.0114806
20081217,0.0116757
20081218,0.0115602
20081219,0.0118194
20081222,0.0118477
20081223,0.00126032
20081224,0.00124748
20081226,0.0126461
20081229,0.0125691
20081230,0.0126795
20081231,0.0173985
20090102,0.0173779
20090105,0.00587791
20090106,0.00997587
20090107,0.0102755
20090108,0.00577988
20090109,0.00560662
20090112,0.0135262
20090113,0.00949754
20090114,0.0218947
20090115,0.0413392
20090116,0.0565916
20090120,0.0482832
20090121,0.0486894
20090122,0.0359207
20090123,0.0162605
20090126,0.00135978
20090127,0.00129882
20090128,0.0010062
20090129,0.0155877
20090130,0.0159535
20090202,0.015648
20090203,0.0162705
20090204,0.0160395
20090205,0.00128214
20090206,0.00116791
20090209,0.00136043
20090210,0.001757
20090211,0.00161968
20090212,0.01633
20090213,0.0166162
20090217,0.017435
20090218,0.030149
20090219,0.029601
20090220,0.0155247
20090223,0.0143837
20090224,0.0150421
20090225,0.00211893
20090226,0.00267722
20090227,0.00285818
20090302,0.0185256
20090303,0.0184357
20090304,0.0186167
20090305,0.0330536
20090306,0.0431472
20090309,0.0458027
20090310,0.0558911
20090311,0.0612009
20090312,0.0462403
20090313,0.0358695
20090316,0.0180857
20090317,0.00777906
20090318,0.025215
20090319,0.0252881
20090320,0.0254486
20090323,0.0251899
20090324,0.0260697
20090325,0.00289155
20090326,0.0026278
20090327,0.00266246
20090330,0.0026124
20090331,0.00334203
20090401,0.00285304
20090402,0.00288577
20090403,0.0114924
20090406,0.0114924
20090407,0.00967255
20090408,0.00985544
20090409,0.00973223
20090413,0.00126032
20090414,0.000948447
20090415,0.00121412
20090416,0.0148554
20090417,0.018569
20090420,0.0184266
20090421,0.0184266
20090422,0.031683
20090423,0.0177337
20090424,0.0149865
20090427,0.0148383
20090428,0.0153266
20090429,0.0041416
20090430,0.0045016
20090501,0.00408577
20090504,0.00394908
20090505,0.00394973
20090506,0.00137904
20090507,0.00166652
20090508,0.00164599
20090511,0.00158952
20090512,0.0121578
20090513,0.0121732
20090514,0.0137531
20090515,0.0135567
20090518,0.0135567
20090519,0.00707806
20090520,0.00710501
20090521,0.0187725
20090522,0.0183297
20090526,0.019042
20090527,0.0139931
20090528,0.0144512
20090529,0.00176599
20090601,0.00139379
20090602,0.00101262
20090603,0.00156449
20090604,0.0025078
20090605,0.00287743
20090608,0.00320085
20090609,0.00330481
20090610,0.00297753
20090611,0.00225369
20090612,0.00660576
20090615,0.0159069
20090616,0.0173086
20090617,0.0273331
20090618,0.0542115
20090619,0.0501508
20090622,0.0513158
20090623,0.0501625
20090624,0.0404543
20090625,0.0135156
20090626,0.0260264
20090629,0.0257034
20090630,0.0250913
20090701,0.0251772
20090702,0.025321
20090706,0.0117886
20090707,0.00200727
20090708,0.00198802
20090709,0.00183016
20090710,0.00197262
20090713,0.00873367
20090714,0.00842565
20090715,0.0133905
20090716,0.0132968
20090717,0.0132442
20090720,0.00634451
20090721,0.00638302
20090722,0.00120256
20090723,0.00120256
20090724,0.00120256
20090727,0.00120513
20090728,0.00137262
20090729,0.00135337
20090730,0.00147657
20090731,0.00140599
20090803,0.00144706
20090804,0.0012847
20090805,0.00243786
20090806,0.00258802
20090807,0.00302823
20090810,0.0030385
20090811,0.00319636
20090812,0.00181989
20090813,0.00207657
20090814,0.00166845
20090817,0.0100303
20090818,0.0100958
20090819,0.010038
20090820,0.0210153
20090821,0.0211141
20090824,0.0138673
20090825,0.0137056
20090826,0.0137697
20090827,0.0129464
20090828,0.0130516
20090831,0.0124051
20090901,0.0139437
20090902,0.01629
20090903,0.00870536
20090904,0.00860526
20090908,0.00865146
20090909,0.00742989
20090910,0.00628868
20090911,0.0029801
20090914,0.00351015
20090915,0.010208
20090916,0.0100129
20090917,0.00865764
20090918,0.00825978
20090921,0.00769379
20090922,0.00130395
20090923,0.00564713
20090924,0.0132529
20090925,0.0347293
20090928,0.048042
20090929,0.0477019
20090930,0.0438439
20091001,0.0365769
20091002,0.0151133
20091005,0.0106542
20091006,0.0103924
20091007,0.0101922
20091008,0.00979948
20091009,0.0102461
20091012,0.00140149
20091013,0.00154139
20091014,0.0117307
20091015,0.0115497
20091016,0.0108323
20091019,0.0223691
20091020,0.0227605
20091021,0.0124429
20091022,0.0124262
20091023,0.0126893
20091026,0.0107208
20091027,0.0323673
20091028,0.0499398
20091029,0.054683
20091030,0.0552952
20091102,0.0461543
20091103,0.0316498
20091104,0.0201905
20091105,0.0157092
20091106,0.015002
20091109,0.0150354
20091110,0.00767775
20091111,0.00117946
20091112,0.00146438
20091113,0.0027251
20091116,0.0150867
20091117,0.0161962
20091118,0.0160191
20091119,0.0176041
20091120,0.0261711
20091123,0.0138878
20091124,0.01306
20091125,0.02231
20091127,0.020965
20091130,0.0116301
20091201,0.0120293
20091202,0.0115615
20091203,0.0105424
20091204,0.0101651
20091207,0.0102177
20091208,0.0266839
20091209,0.0270831
20091210,0.0224052
20091211,0.0223205
20091214,0.0430957
20091215,0.053558
20091216,0.0572665
20091217,0.0646274
20091218,0.0824222
20091221,0.0738459
20091222,0.0595473
20091223,0.0559501
20091224,0.0476814
20091228,0.0300464
20091229,0.0175344
20091230,0.00423573
20091231,0.00404358
20100104,0.00120642
20100105,0.00138609
20100106,0.0137365
20100107,0.0137173
20100108,0.0168167
20100111,0.0168129
20100112,0.0170298
20100113,0.00651592
20100114,0.00973538
20100115,0.00685731
20100119,0.0080663
20100120,0.00808362
20100121,0.0180468
20100122,0.0146272
20100125,0.0143114
20100126,0.0137223
20100127,0.0166549
20100128,0.0187741
20100129,0.0303264
20100201,0.0306767
20100202,0.0307217
20100203,0.0280253
20100204,0.0257821
20100205,0.0222781
20100208,0.0219021
20100209,0.0218867
20100210,0.0219637
20100211,0.0197812
20100212,0.0116122
20100216,0.0117162
20100217,0.0119626
20100218,0.0116161
20100219,0.00188791
20100222,0.00133347
20100223,0.00125647
20100224,0.001037
20100225,0.000921495
20100226,0.00726978
20100301,0.0072685
20100302,0.00781267
20100303,0.00724283
20100304,0.00690272
20100305,0.00192898
20100308,0.00189689
20100309,0.00148107
20100310,0.00147722
20100311,0.00178652
20100312,0.00153754
20100315,0.00152599
20100316,0.00241315
20100317,0.00247861
20100318,0.0160222
20100319,0.0288493
20100322,0.0538806
20100323,0.0528549
20100324,0.0606154
20100325,0.0656605
20100326,0.0575736
20100329,0.0324999
20100330,0.0335458
20100331,0.0262434
20100401,0.00724665
20100405,0.00286453
20100406,0.00287608
20100407,0.00507008
20100408,0.00466965
20100409,0.0046735
20100412,0.00456569
20100413,0.00474409
20100414,0.00140021
20100415,0.00134759
20100416,0.00142716
20100419,0.00138096
20100420,0.00134117
20100421,0.00108706
20100422,0.00126802
20100423,0.00106396
20100426,0.00150545
20100427,0.00852408
20100428,0.00846248
20100429,0.00853178
20100430,0.00844708
20100503,0.00821991
20100504,0.0010062
20100505,0.00109861
20100506,0.0103109
20100507,0.0104418
20100510,0.0113069
20100511,0.0181274
20100512,0.0276627
20100513,0.0180602
20100514,0.0182438
20100517,0.0173197
20100518,0.01245
20100519,0.00288256
20100520,0.0101858
20100521,0.0105156
20100524,0.0222493
20100525,0.0264688
20100526,0.0267036
20100527,0.0191065
20100528,0.020809
20100601,0.00931018
20100602,0.00344598
20100603,0.00342288
20100604,0.00780512
20100607,0.0191537
20100608,0.0187392
20100609,0.0190106
20100610,0.019239
20100611,0.0180089
20100614,0.00470374
20100615,0.00580868
20100616,0.00569574
20100617,0.00560462
20100618,0.00195842
20100621,0.00211243
20100622,0.00153369
20100623,0.0016877
20100624,0.00203037
20100625,0.00239101
20100628,0.0022062
20100629,0.00222288
20100630,0.00173262
20100701,0.0124018
20100702,0.0125744
20100706,0.0145555
20100707,0.0166212
20100708,0.0173123
20100709,0.00625552
20100712,0.00621895
20100713,0.01678
20100714,0.0147663
20100715,0.014149
20100716,0.014176
20100719,0.0142472
20100720,0.00155871
20100721,0.00219786
20100722,0.00220171
20100723,0.00233647
20100726,0.0175661
20100727,0.0303008
20100728,0.0299042
20100729,0.0315951
20100730,0.031264
20100802,0.0162712
20100803,0.00289347
20100804,0.00285625
20100805,0.00230759
20100806,0.00225754
20100809,0.00257711
20100810,0.0129021
20100811,0.0126184
20100812,0.0173997
20100813,0.0179952
20100816,0.0246992
20100817,0.0145911
20100818,0.0144487
20100819,0.00857269
20100820,0.00877034
20100823,0.00142845
20100824,0.00147465
20100825,0.00216056
20100826,0.00225296
20100827,0.00181917
20100830,0.00192313
20100831,0.00187821
20100901,0.00132064
20100902,0.00122695
20100903,0.00141176
20100907,0.00146823
20100908,0.00168513
20100909,0.00178716
20100910,0.00188149
20100913,0.00206438
20100914,0.00166139
20100915,0.00148427
20100916,0.00131422
20100917,0.00119679
20100920,0.000891977
20100921,0.0112021
20100922,0.0113343
20100923,0.0113227
20100924,0.0113227
20100927,0.0113959
20100928,0.00101005
20100929,0.00118331
20100930,0.00115379
20101001,0.00122053
20101004,0.00127829
20101005,0.00428639
20101006,0.00435954
20101007,0.00459569
20101008,0.00449943
20101011,0.00929349
20101012,0.00666272
20101013,0.00689759
20101014,0.0155272
20101015,0.0155823
20101018,0.0125113
20101019,0.0115654
20101020,0.0117079
20101021,0.0170144
20101022,0.0268299
20101025,0.0260758
20101026,0.0254406
20101027,0.0261999
20101028,0.0120521
20101029,0.00282312
20101101,0.00198889
20101102,0.00507167
20101103,0.00741776
20101104,0.0124058
20101105,0.0116781
20101108,0.024248
20101109,0.021728
20101110,0.0212253
20101111,0.017187
20101112,0.0166544
20101115,0.00473775
20101116,0.0269394
20101117,0.0537843
20101118,0.0535289
20101119,0.0539268
20101122,0.0646678
20101123,0.042178
20101124,0.012457
20101126,0.0124454
20101129,0.0131449
20101130,0.00253091
20101201,0.00253091
20101202,0.00282738
20101203,0.0047785
20101206,0.00426697
20101207,0.00378954
20101208,0.00423746
20101209,0.0036689
20101210,0.00150152
20101213,0.00122182
20101214,0.00565756
20101215,0.00581157
20101216,0.0329121
20101217,0.04515
20101220,0.0521274
20101221,0.048119
20101222,0.0476955
20101223,0.0329157
20101227,0.0211225
20101228,0.0170849
20101229,0.0165009
20101230,0.0169283
20101231,0.00479237
20110103,0.00409869
20110104,0.00188149
20110105,0.00175764
20110106,0.0269701
20110107,0.0270355
20110110,0.0294015
20110111,0.0432256
20110112,0.0539543
20110113,0.0410374
20110114,0.0409103
20110118,0.0387394
20110119,0.0244456
20110120,0.0140975
20110121,0.0015401
20110124,0.0308983
20110125,0.0512314
20110126,0.0548295
20110127,0.0567292
20110128,0.0568909
20110131,0.0276174
20110201,0.00962258
20110202,0.00616183
20110203,0.00482753
20110204,0.00486603
20110207,0.00476849
20110208,0.00240585
20110209,0.00217612
20110210,0.00144577
20110211,0.00157796
20110214,0.0017493
20110215,0.0153648
20110216,0.0151235
20110217,0.0225042
20110218,0.022372
20110222,0.022372
20110223,0.00873537
20110224,0.00869173
20110225,0.00147208
20110228,0.00147208
20110301,0.00917775
20110302,0.00926887
20110303,0.00914181
20110304,0.00931507
20110307,0.00931507
20110308,0.00125262
20110309,0.0017801
20110310,0.0019123
20110311,0.00616555
20110314,0.00665197
20110315,0.0356238
20110316,0.0509053
20110317,0.0574285
20110318,0.0527389
20110321,0.0523462
20110322,0.0231908
20110323,0.00755258
20110324,0.00155743
20110325,0.00165112
20110328,0.00178588
20110329,0.00142781
20110330,0.00162032
20110331,0.00138353
20110401,0.00166331
20110404,0.00159016
20110405,0.00913844
20110406,0.00909866
20110407,0.00940411
20110408,0.00933264
20110411,0.00958676
20110412,0.00180489
20110413,0.00151099
20110414,0.00247748
20110415,0.010594
20110418,0.0106081
20110419,0.0108661
20110420,0.010766
20110421,0.00976483
20110425,0.00134502
20110426,0.00118331
20110427,0.00857871
20110428,0.00833999
20110429,0.0175368
20110502,0.0173494
20110503,0.018133
20110504,0.0103603
20110505,0.0104969
20110506,0.00367794
20110509,0.00942358
20110510,0.0228474
20110511,0.0227088
20110512,0.0266026
20110513,0.0242197
20110516,0.0184869
20110517,0.00504887
20110518,0.00480246
20110519,0.00132064
20110520,0.00158438
20110523,0.0131307
20110524,0.0133187
20110525,0.013311
20110526,0.0132545
20110527,0.0131583
20110531,0.00156577
20110601,0.00130781
20110602,0.00177754
20110603,0.0012847
20110606,0.00136043
20110607,0.00134887
20110608,0.00151187
20110609,0.00110374
20110610,0.00165818
20110613,0.0166906
20110614,0.0195514
20110615,0.0194602
20110616,0.0196771
20110617,0.0196386
20110620,0.00458053
20110621,0.00139572
20110622,0.00153112
20110623,0.0111232
20110624,0.0217761
20110627,0.0217568
20110628,0.0460099
20110629,0.0458662
20110630,0.0373291
20110701,0.0264221
20110705,0.0368055
20110706,0.0124279
20110707,0.0145975
20110708,0.0198715
20110711,0.0204913
20110712,0.0232026
20110713,0.0231602
20110714,0.0216054
20110715,0.016328
20110718,0.0162009
20110719,0.00277644
20110720,0.00276617
20110721,0.00285088
20110722,0.0012077
20110725,0.00144256
20110726,0.00329775
20110727,0.00322716
20110728,0.00334908
20110729,0.00363529
20110801,0.0035031
20110802,0.0140836
20110803,0.0142441
20110804,0.0144622
20110805,0.0141452
20110808,0.0247902
20110809,0.0196236
20110810,0.0202281
20110811,0.0196929
20110812,0.0201755
20110815,0.013039
20110816,0.00566406
20110817,0.0149223
20110818,0.0197425
20110819,0.0198837
20110822,0.0216349
20110823,0.0208834
20110824,0.0118459
20110825,0.0071501
20110826,0.0212657
20110829,0.0160214
20110830,0.0264394
20110831,0.0262892
20110901,0.0276811
20110902,0.0213137
20110906,0.021297
20110907,0.0109895
20110908,0.0132123
20110909,0.011053
20110912,0.00310588
20110913,0.00811828
20110914,0.00795015
20110915,0.0152491
20110916,0.0151952
20110919,0.0181023
20110920,0.0131297
20110921,0.0282433
20110922,0.0354754
20110923,0.0401389
20110926,0.0498858
20110927,0.0499359
20110928,0.0404452
20110929,0.0418355
20110930,0.045573
20111003,0.0330037
20111004,0.0579419
20111005,0.0521919
20111006,0.0438173
20111007,0.0354394
20111010,0.0373893
20111011,0.0155071
20111012,0.0155418
20111013,0.0111582
20111014,0.0188679
20111017,0.0172684
20111018,0.0154201
20111019,0.016694
20111020,0.0142353
20111021,0.00638434
20111024,0.00604551
20111025,0.0155612
20111026,0.0141153
20111027,0.0242101
20111028,0.0248697
20111031,0.0248826
20111101,0.0146058
20111102,0.0148304
20111103,0.0133602
20111104,0.0121538
20111107,0.0169137
20111108,0.0163824
20111109,0.0167649
20111110,0.00624489
20111111,0.0076836
20111114,0.0034601
20111115,0.00367443
20111116,0.00371807
20111117,0.0213771
20111118,0.0309498
20111121,0.0436915
20111122,0.0439424
20111123,0.0440772
20111125,0.045547
20111128,0.0344291
20111129,0.0298306
20111130,0.0297305
20111201,0.0298229
20111202,0.0110008
20111205,0.0110701
20111206,0.004474
20111207,0.0163288
20111208,0.0234691
20111209,0.0229532
20111212,0.0230764
20111213,0.0227902
20111214,0.0161402
20111215,0.0149724
20111216,0.0153167
20111219,0.0152686
20111220,0.01278
20111221,0.00733653
20111222,0.00147184
20111223,0.0013123
20111227,0.000979249
20111228,0.00818822
20111229,0.0197495
20111230,0.0197495
20120103,0.0215068
20120104,0.0315567
20120105,0.0276972
20120106,0.0163169
20120109,0.0166762
20120110,0.0150165
20120111,0.00464189
20120112,0.00130652
20120113,0.00123208
20120117,0.00120256
20120118,0.00110631
20120119,0.00125775
20120120,0.00280275
20120123,0.00293751
20120124,0.00300168
20120125,0.0168759
20120126,0.0166873
20120127,0.0202012
20120130,0.020232
20120131,0.0203539
20120201,0.00647711
20120202,0.00692109
20120203,0.00214452
20120206,0.0021535
20120207,0.0154591
20120208,0.0152999
20120209,0.0148521
20120210,0.0147257
20120213,0.0149297
20120214,0.00160492
20120215,0.00172427
20120216,0.00164342
20120217,0.00167807
20120221,0.00757932
20120222,0.0189569
20120223,0.0188683
20120224,0.0190223
20120227,0.0195569
20120228,0.0133168
20120229,0.026914
20120301,0.0302495
20120302,0.0295782
20120305,0.0298221
20120306,0.0298336
20120307,0.00607169
20120308,0.00796628
20120309,0.0110063
20120312,0.0107047
20120313,0.0262174
20120314,0.0264706
20120315,0.0236675
20120316,0.0208354
20120319,0.0207854
20120320,0.0209849
20120321,0.0192583
20120322,0.0172606
20120323,0.0194909
20120326,0.0258113
20120327,0.0101428
20120328,0.0101852
20120329,0.0102846
20120330,0.0092967
20120402,0.00309176
20120403,0.00777881
20120404,0.020939
20120405,0.0205078
20120409,0.0220118
20120410,0.0219656
20120411,0.0177098
20120412,0.00477483
20120413,0.00407216
20120416,0.00149518
20120417,0.00117561
20120418,0.00139508
20120419,0.00171465
20120420,0.0136783
20120423,0.0139709
20120424,0.0143367
20120425,0.0165848
20120426,0.0166464
20120427,0.00477902
20120430,0.00663741
20120501,0.00688511
20120502,0.00444448
20120503,0.00402673
20120504,0.0152698
20120507,0.0130072
20120508,0.0161713
20120509,0.0416959
20120510,0.0418795
20120511,0.0375343
20120514,0.0375369
20120515,0.0340994
20120516,0.0184584
20120517,0.0179764
20120518,0.0117126
20120521,0.0112569
20120522,0.0111594
20120523,0.00209583
20120524,0.00215743
20120525,0.00551229
20120529,0.00552384
20120530,0.00565475
20120531,0.00452277
20120601,0.0166039
20120604,0.0133441
20120605,0.0134711
20120606,0.0133723
20120607,0.0134159
20120608,0.00146695
20120611,0.0032201
20120612,0.00305197
20120613,0.00313925
20120614,0.00610964
20120615,0.00589146
20120618,0.00770365
20120619,0.00805018
20120620,0.00842494
20120621,0.0161753
20120622,0.0353097
20120625,0.031385
20120626,0.0321166
20120627,0.0311245
20120628,0.0341053
20120629,0.0141867
20120702,0.0142984
20120703,0.0139249
20120705,0.0141328
20120706,0.00126802
20120709,0.0036263
20120710,0.0114852
20120711,0.0126837
20120712,0.0132894
20120713,0.0128582
20120716,0.0105769
20120717,0.0025563
20120718,0.0081131
20120719,0.00733022
20120720,0.00967117
20120723,0.00967117
20120724,0.00970198
20120725,0.00789697
20120726,0.00770446
20120727,0.017916
20120730,0.0179044
20120731,0.0184204
20120801,0.0141279
20120802,0.0144571
20120803,0.00180834
20120806,0.00213112
20120807,0.00167615
20120808,0.00151059
20120809,0.00640154
20120810,0.00600882
20120813,0.00601652
20120814,0.00631684
20120815,0.00587406
20120816,0.00142588
20120817,0.00121412
20120820,0.00829596
20120821,0.00806494
20120822,0.0207876
20120823,0.0206695
20120824,0.0208954
20120827,0.0143834
20120828,0.0141023
20120829,0.00190203
20120830,0.00230631
20120831,0.00897152
20120904,0.00837087
20120905,0.00834649
20120906,0.00824638
20120907,0.00828104
20120910,0.00151315
20120911,0.00134502
20120912,0.00123722
20120913,0.00127187
20120914,0.00123722
20120917,0.00126289
20120918,0.00113583
20120919,0.00123593
20120920,0.00128599
20120921,0.00130909
20120924,0.00111016
20120925,0.00120256
20120926,0.00130909
20120927,0.00135144
20120928,0.00107294
20121001,0.00161326
20121002,0.00192
20121003,0.0019508
20121004,0.00961587
20121005,0.0095517
20121008,0.00957737
20121009,0.00940796
20121010,0.00940796
20121011,0.00148363
20121012,0.0226874
20121015,0.0384333
20121016,0.0385296
20121017,0.050935
20121018,0.0505731
20121019,0.0297429
20121022,0.0215877
20121023,0.0252852
20121024,0.0225911
20121025,0.022772
20121026,0.022849
20121031,0.0147539
20121101,0.0110641
20121102,0.00972474
20121105,0.0348991
20121106,0.0345141
20121107,0.0348105
20121108,0.0410289
20121109,0.0328533
20121112,0.00762505
20121113,0.00824173
20121114,0.0114795
20121115,0.0051032
20121116,0.00523539
20121119,0.00538555
20121120,0.00430299
20121121,0.00144385
20121123,0.00122952
20121126,0.00123465
20121127,0.00111401
20121128,0.00144513
20121129,0.00168385
20121130,0.0199788
20121203,0.0197144
20121204,0.0265252
20121205,0.0291142
20121206,0.0291912
20121207,0.0108424
20121210,0.010954
20121211,0.00520038
20121212,0.00237007
20121213,0.00268194
20121214,0.00266141
20121217,0.00254975
20121218,0.0205919
20121219,0.0428054
20121220,0.0500168
20121221,0.0498436
20121224,0.0501323
20121226,0.0309971
20121227,0.00861037
20121228,0.00112684
20121231,0.00104214
20130102,0.00103444
20130103,0.00484214
20130104,0.00539658
20130107,0.00543765
20130108,0.00622695
20130109,0.00623337
20130110,0.0029801
20130111,0.0025001
20130114,0.00244235
20130115,0.00189433
20130116,0.00226909
20130117,0.00184556
20130118,0.00182117
20130122,0.00214973
20130123,0.00180834
20130124,0.00172492
20130125,0.00513893
20130128,0.00487198
20130129,0.00471668
20130130,0.00805029
20130131,0.00937343
20130201,0.00572712
20130204,0.00563086
20130205,0.00571942
20130206,0.00257832
20130207,0.00142203
20130208,0.00427048
20130211,0.00647522
20130212,0.00661383
20130213,0.0136198
20130214,0.0248977
20130215,0.0461849
20130219,0.0441919
20130220,0.0479385
20130221,0.0499882
20130222,0.0530116
20130225,0.0354313
20130226,0.0355737
20130227,0.0314383
20130228,0.0230833
20130301,0.00856451
20130304,0.0190437
20130305,0.0189666
20130306,0.0190039
20130307,0.0189512
20130308,0.0187645
20130311,0.0031739
20130312,0.00317005
20130313,0.0031816
20130314,0.00331892
20130315,0.00345753
20130318,0.00158631
20130319,0.00168256
20130320,0.00160941
20130321,0.0014554
20130322,0.00129882
20130325,0.00153625
20130326,0.0019078
20130327,0.0129386
20130328,0.0127846
20130401,0.0127101
20130402,0.012723
20130403,0.0129151
20130404,0.0186749
20130405,0.0261407
20130408,0.0262061
20130409,0.0260175
20130410,0.0256399
20130411,0.00867224
20130412,0.00272048
20130415,0.00849404
20130416,0.0293277
20130417,0.0600239
20130418,0.0601432
20130419,0.0585098
20130422,0.0525899
20130423,0.0320335
20130424,0.00141818
20130425,0.0145026
20130426,0.0147349
20130429,0.0145886
20130430,0.0148619
20130501,0.0151045
20130502,0.00159914
20130503,0.00151829
20130506,0.00176855
20130507,0.00202267
20130508,0.00179551
20130509,0.00185583
20130510,0.00293005
20130513,0.00281711
20130514,0.0215209
20130515,0.0230332
20130516,0.0520689
20130517,0.0574048
20130520,0.0574544
20130521,0.0383631
20130522,0.0520011
20130523,0.0245479
20130524,0.0184419
20130528,0.0183923
20130529,0.0197823
20130530,0.0044201
20130531,0.00300256
20130603,0.00291401
20130604,0.00284855
20130605,0.00172235
20130606,0.0011846
20130607,0.0012154
20130610,0.00518887
20130611,0.0177927
20130612,0.0181122
20130613,0.0223764
20130614,0.0222377
20130617,0.0183605
20130618,0.00601471
20130619,0.0298144
20130620,0.0266512
20130621,0.0565116
20130624,0.0688632
20130625,0.0789956
20130626,0.0578375
20130627,0.0658797
20130628,0.0370479
20130701,0.0248041
20130702,0.0144407
20130703,0.0114603
20130705,0.00274074
20130708,0.00311486
20130709,0.00327529
20130710,0.0106097
20130711,0.0134765
20130712,0.0141233
20130715,0.0122868
20130716,0.012374
20130717,0.00473927
20130718,0.00205219
20130719,0.00119358
20130722,0.00116278
20130723,0.0112232
20130724,0.0107483
20130725,0.0117032
20130726,0.0180772
20130729,0.0184725
20130730,0.00849295
20130731,0.0205786
20130801,0.0198804
20130802,0.012961
20130805,0.0131881
20130806,0.0152754
20130807,0.0135744
20130808,0.0133973
20130809,0.0135551
20130812,0.0131932
20130813,0.0117559
20130814,0.0028524
20130815,0.0112286
20130816,0.0237875
20130819,0.0238286
20130820,0.0235109
20130821,0.0251974
20130822,0.0172794
20130823,0.0126695
20130826,0.0144069
20130827,0.014842
20130828,0.0129033
20130829,0.0131882
20130830,0.00497486
20130903,0.0136241
20130904,0.0142132
20130905,0.0337774
20130906,0.033608
20130909,0.0339198
20130910,0.0463387
20130911,0.0464773
20130912,0.0255931
20130913,0.0351999
20130916,0.0367365
20130917,0.026452
20130918,0.0384367
20130919,0.0382339
20130920,0.0282075
20130923,0.0265707
20130924,0.0159042
20130925,0.00341647
20130926,0.00368727
20130927,0.00934951
20130930,0.0095202
20131001,0.00721326
20131002,0.0206314
20131003,0.0268471
20131004,0.0209577
20131007,0.0209577
20131008,0.0209443
20131009,0.00777637
20131010,0.00575737
20131011,0.0125654
20131014,0.013115
20131015,0.0181036
20131016,0.0179496
20131017,0.013117
20131018,0.00637755
20131021,0.00600705
20131022,0.000730908
20131023,0.000978609
20131024,0.00112748
20131025,0.0012969
20131028,0.000936896
20131029,0.00120256
20131030,0.000956148
20131031,0.00133476
20131101,0.00138866
20131104,0.0015324
20131105,0.00130267
20131106,0.00137583
20131107,0.00191871
20131108,0.00188791
20131111,0.0125934
20131112,0.0183772
20131113,0.0266298
20131114,0.0262949
20131115,0.0262679
20131118,0.023961
20131119,0.0178345
20131120,0.0365813
20131121,0.0365775
20131122,0.0368277
20131125,0.0393275
20131126,0.053667
20131127,0.0285821
20131129,0.0288061
20131202,0.0346409
20131203,0.0237002
20131204,0.00975547
20131205,0.00934567
20131206,0.00930909
20131209,0.012342
20131210,0.0122611
20131211,0.0127796
20131212,0.0115212
20131213,0.0117285
20131216,0.00236406
20131217,0.00218695
20131218,0.0108174
20131219,0.022023
20131220,0.021747
20131223,0.0492093
20131224,0.049217
20131226,0.0402336
20131227,0.0408547
20131230,0.0446987
20131231,0.0174482
20140102,0.0323432
20140103,0.0329958
20140106,0.0210306
20140107,0.0180355
20140108,0.0184411
20140109,0.00333561
20140110,0.00247893
20140113,0.0152065
20140114,0.0150024
20140115,0.0143324
20140116,0.014077
20140117,0.0135958
20140121,0.00134759
20140122,0.000130909
20140123,0.00149519
20140124,0.00112171
20140127,0.00127572
20140128,0.00202909
20140129,0.00469267
20140130,0.00445909
20140131,0.0201572
20140203,0.0203048
20140204,0.020462
20140205,0.018154
20140206,0.0182913
20140207,0.0140408
20140210,0.0138945
20140211,0.0138772
20140212,0.0136102
20140213,0.020751
20140214,0.00904154
20140218,0.0180498
20140219,0.017992
20140220,0.0207367
20140221,0.027547
20140224,0.0278089
20140225,0.019948
20140226,0.0195707
20140227,0.0169158
20140228,0.00288256
20140303,0.00271058
20140304,0.00153625
20140305,0.00132577
20140306,0.00482623
20140307,0.00446173
20140310,0.00482751
20140311,0.00518815
20140312,0.00502772
20140313,0.00215486
20140314,0.00171722
20140317,0.00170438
20140318,0.00138738
20140319,0.00710753
20140320,0.0074348
20140321,0.00744058
20140324,0.0187175
20140325,0.0185635
20140326,0.018265
20140327,0.0209781
20140328,0.0209723
20140331,0.010142
20140401,0.011623
20140402,0.0167028
20140403,0.0138608
20140404,0.0138608
20140407,0.0132756
20140408,0.0115713
20140409,0.00750946
20140410,0.00737021
20140411,0.00758197
20140414,0.00770133
20140415,0.00775523
20140416,0.00150289
20140417,0.00153754
20140421,0.0157083
20140422,0.0328562
20140423,0.0326309
20140424,0.0326579
20140425,0.0326348
20140428,0.0186141
20140429,0.00449187
20140430,0.00716337
20140501,0.0256695
20140502,0.0259583
20140505,0.0259159
20140506,0.022925
20140507,0.0199859
20140508,0.00163379
20140509,0.00137583
20140512,0.00137583
20140513,0.00150289
20140514,0.00146438
20140515,0.00128727
20140516,0.00137583
20140519,0.00139123
20140520,0.00140278
20140521,0.00471003
20140522,0.00477548
20140523,0.00482168
20140527,0.0178625
20140528,0.0179164
20140529,0.0264518
20140530,0.0264865
20140602,0.0306113
20140603,0.0187333
20140604,0.0188026
20140605,0.00662879
20140606,0.00657104
20140609,0.00244235
20140610,0.00110887
20140611,0.001517
20140612,0.00910058
20140613,0.0162496
20140616,0.0163048
20140617,0.0167515
20140618,0.0206422
20140619,0.0198334
20140620,0.0125957
20140623,0.0129897
20140624,0.0122826
20140625,0.00863574
20140626,0.00110246
20140627,0.00120256
20140630,0.0128715
20140701,0.012833
20140702,0.0128831
20140703,0.012833
20140707,0.0129408
20140708,0.00131037
20140709,0.0100254
20140710,0.0102012
20140711,0.011722
20140714,0.0146463
20140715,0.0232027
20140716,0.0444416
20140717,0.044013
20140718,0.0511579
20140721,0.0484223
20140722,0.0400122
20140723,0.00984653
20140724,0.00997166
20140725,0.00255834
20140728,0.00283684
20140729,0.00271235
20140730,0.00321288
20140731,0.0131277
20140801,0.0120357
20140804,0.0120074
20140805,0.0167745
20140806,0.0168066
20140807,0.0120137
20140808,0.0120336
20140811,0.0115947
20140812,0.00755149
20140813,0.00691106
20140814,0.00183978
20140815,0.00196877
20140818,0.00196877
20140819,0.0016569
20140820,0.00280724
20140821,0.00523585
20140822,0.00485082
20140825,0.0127464
20140826,0.0124037
20140827,0.0115883
20140828,0.00880933
20140829,0.00895564
20140902,0.00473575
20140903,0.00640163
20140904,0.0117139
20140905,0.0125379
20140908,0.0160082
20140909,0.0267457
20140910,0.0377824
20140911,0.0327011
20140912,0.0336012
20140915,0.0303311
20140916,0.0312966
20140917,0.0303321
20140918,0.0315595
20140919,0.0379865
20140922,0.0378749
20140923,0.0230834
20140924,0.02985
20140925,0.0311523
20140926,0.0335059
20140929,0.0329027
20140930,0.054467
20141001,0.0357197
20141002,0.0331766
20141003,0.029973
20141006,0.0298421
20141007,0.0142181
20141008,0.0188255
20141009,0.0189757
20141010,0.0120898
20141013,0.016363
20141014,0.0109789
20141015,0.00552449
20141016,0.00590566
20141017,0.00563743
20141020,0.00140534
20141021,0.0017031
20141022,0.00163508
20141023,0.00185711
20141024,0.00113711
20141027,0.00135144
20141028,0.00106652
20141029,0.012486
20141030,0.0126593
20141031,0.0127016
20141103,0.0127825
20141104,0.0127825
20141105,0.00251138
20141106,0.0129954
20141107,0.0134933
20141110,0.0327533
20141111,0.0365837
20141112,0.0357581
20141113,0.0250103
20141114,0.0242236
20141117,0.00495208
20141118,0.00585994
20141119,0.00632197
20141120,0.00743213
20141121,0.00684432
20141124,0.00690849
20141125,0.0021831
20141126,0.00214973
20141128,0.00129882
20141201,0.01461
20141202,0.0148641
20141203,0.014977
20141204,0.014746
20141205,0.0148089
20141208,0.00863109
20141209,0.00804456
20141210,0.00804713
20141211,0.00783151
20141212,0.00812927
20141215,0.00135657
20141216,0.00145925
20141217,0.00954399
20141218,0.00968773
20141219,0.00949008
20141222,0.00977757
20141223,0.0102781
20141224,0.00201369
20141226,0.00172492
20141229,0.00190203
20141230,0.00158759
20141231,0.00122182
20150102,0.00104855
20150105,0.00651954
20150106,0.00653109
20150107,0.00682756
20150108,0.00707013
20150109,0.0118205
20150112,0.0203191
20150113,0.0199604
20150114,0.01985
20150115,0.0196575
20150116,0.0151068
20150120,0.00105369
20150121,0.00134759
20150122,0.00110374
20150123,0.0014169
20150126,0.00110502
20150127,0.00106652
20150128,0.000758501
20150129,0.00120128
20150130,0.00504448
20150202,0.00527037
20150203,0.00528063
20150204,0.00553219
20150205,0.0059217
20150206,0.00220235
20150209,0.00180385
20150210,0.00175187
20150211,0.0124631
20150212,0.0231816
20150213,0.0454761
20150217,0.0454665
20150218,0.0714343
20150219,0.0842969
20150220,0.0776066
20150223,0.0653887
20150224,0.0812091
20150225,0.0554511
20150226,0.0316655
20150227,0.0273274
20150302,0.0174464
20150303,0.00162032
20150304,0.00144513
20150305,0.00144513
20150306,0.0111244
20150309,0.0109973
20150310,0.0214429
20150311,0.0214294
20150312,0.0216874
20150313,0.012139
20150316,0.0122866
20150317,0.00168321
20150318,0.0138331
20150319,0.0218158
20150320,0.0217272
20150323,0.0302119
20150324,0.0428213
20150325,0.0306541
20150326,0.0225328
20150327,0.0222594
20150330,0.0138774
20150331,0.00162224
20150401,0.00160299
20150402,0.00198417
20150406,0.00186481
20150407,0.00153112
20150408,0.0017031
20150409,0.00162994
20150410,0.00107166
20150413,0.00108449
20150414,0.00126417
20150415,0.0109067
20150416,0.0109028
20150417,0.0110087
20150420,0.0151999
20150421,0.0152711
20150422,0.00587826
20150423,0.0122518
20150424,0.0256642
20150427,0.0219202
20150428,0.0217367
20150429,0.0216084
20150430,0.0153324
20150501,0.00246096
20150504,0.00203422
20150505,0.00188278
20150506,0.00180513
20150507,0.00166845
20150508,0.00137583
20150511,0.00132577
20150512,0.00108706
20150513,0.00548839
20150514,0.00527278
20150515,0.00719662
20150518,0.00658443
20150519,0.00695406
20150520,0.0044586
20150521,0.00458951
20150522,0.00296984
20150526,0.00311422
20150527,0.00318545
20150528,0.00123529
20150529,0.00133604
20150601,0.00116021
20150602,0.00109668
20150603,0.0233275
20150604,0.0235123
20150605,0.0242381
20150608,0.0248849
20150609,0.0251564
20150610,0.00265411
20150611,0.00270353
20150612,0.00176214
20150615,0.0012231
20150616,0.00133732
20150617,0.00835275
20150618,0.00823724
20150619,0.00839895
20150622,0.008449
20150623,0.0116126
20150624,0.00511308
20150625,0.00518238
20150626,0.0200085
20150629,0.0250698
20150630,0.0320188
20150701,0.0320611
20150702,0.0352606
20150706,0.020378
20150707,0.0345482
20150708,0.0261875
20150709,0.0257948
20150710,0.0221602
20150713,0.0222321
20150714,0.00320855
20150715,0.00170952
20150716,0.00182502
20150717,0.00193283
20150720,0.00538516
20150721,0.00617831
20150722,0.00564826
20150723,0.00590494
20150724,0.0123731
20150727,0.00885721
20150728,0.00795625
20150729,0.0125515
20150730,0.0382345
20150731,0.0316586
20150803,0.0535361
20150804,0.0690537
20150805,0.0758577
20150806,0.0501567
20150807,0.0501567
20150810,0.0336733
20150811,0.0183688
20150812,0.00710042
20150813,0.00699903
20150814,0.00690534
20150817,0.00164663
20150818,0.00228705
20150819,0.0146803
20150820,0.0158931
20150821,0.0161382
20150824,0.0152924
20150825,0.0151834
20150826,0.0024462
20150827,0.00152984
20150828,0.00134759
20150831,0.00200727
20150901,0.00177625
20150902,0.00173005
20150903,0.00173198
20150904,0.012502
20150908,0.0122767
20150909,0.0122267
20150910,0.0126232
20150911,0.0180803
20150914,0.00755229
20150915,0.00868585
20150916,0.00862039
20150917,0.0206147
20150918,0.0150973
20150921,0.0152962
20150922,0.0143314
20150923,0.014325
20150924,0.00181091
20150925,0.00217283
20150928,0.0019431
20150929,0.00199059
20150930,0.00197262
20151001,0.00164791
20151002,0.00145283
20151005,0.00162224
20151006,0.00162417
20151007,0.0034293
20151008,0.00559956
20151009,0.00529539
20151012,0.00508491
20151013,0.0054474
20151014,0.0118785
20151015,0.00952467
20151016,0.0096312
20151019,0.0096235
20151020,0.0089209
20151021,0.00133732
20151022,0.00128599
20151023,0.00138289
20151026,0.00124428
20151027,0.00150866
20151028,0.00959591
20151029,0.00992703
20151030,0.00970949
20151102,0.00977879
20151103,0.0175007
20151104,0.00989604
20151105,0.0100732
20151106,0.02349
20151109,0.0389
20151110,0.0308033
20151111,0.0308829
20151112,0.0303105
20151113,0.0169296
20151116,0.00200855
20151117,0.00202973
20151118,0.0135334
20151119,0.0136515
20151120,0.0137632
20151123,0.0258683
20151124,0.0257701
20151125,0.0136003
20151127,0.033177
20151130,0.0349135
20151201,0.0226928
20151202,0.0529356
20151203,0.055958
20151204,0.0362389
20151207,0.0349259
20151208,0.0346141
20151209,0.00536855
20151210,0.00194567
20151211,0.012685
20151214,0.0127221
20151215,0.0129406
20151216,0.0140619
20151217,0.0144316
20151218,0.00408878
20151221,0.00375009
20151222,0.00393393
20151223,0.00176791
20151224,0.00175636
20151228,0.00159337
20151229,0.00137005
20151230,0.00137583
20151231,0.00839005
20160104,0.00839005
20160105,0.00859026
20160106,0.0237555
20160107,0.0333512
20160108,0.0261393
20160111,0.0261085
20160112,0.0260674
20160113,0.0147794
20160114,0.00520555
20160115,0.00523379
20160119,0.00712234
20160120,0.00696576
20160121,0.00379379
20160122,0.00391443
20160125,0.0036928
20160126,0.00624216
20160127,0.0169895
20160128,0.0166012
20160129,0.0163895
20160201,0.017526
20160202,0.0133987
20160203,0.00737815
20160204,0.0157363
20160205,0.0262477
20160208,0.0320001
20160209,0.0319809
20160210,0.0276674
20160211,0.0189781
20160212,0.00874002
20160216,0.00159144
20160217,0.00173198
20160218,0.0162568
20160219,0.0164647
20160222,0.016672
20160223,0.0168221
20160224,0.0165346
20160225,0.00148428
20160226,0.00157219
20160229,0.00930456
20160301,0.00916852
20160302,0.0138171
20160303,0.0199945
20160304,0.0212677
20160307,0.0132208
20160308,0.0131644
20160309,0.00850555
20160310,0.00821566
20160311,0.00795898
20160314,0.00800133
20160315,0.00797823
20160316,0.0198135
20160317,0.0140312
20160318,0.0146588
20160321,0.0142622
20160322,0.0147781
20160323,0.010588
20160324,0.0193969
20160328,0.018596
20160329,0.0277248
20160330,0.0274707
20160331,0.0194098
20160401,0.0103853
20160404,0.0270341
20160405,0.0182128
20160406,0.0182128
20160407,0.0183476
20160408,0.0196458
20160411,0.00285835
20160412,0.00333625
20160413,0.00282032
20160414,0.0051937
20160415,0.0036491
20160418,0.0036953
20160419,0.00374921
20160420,0.0036722
20160421,0.00155807
20160422,0.00167615
20160425,0.00161968
20160426,0.00173903
20160427,0.00312954
20160428,0.00895579
20160429,0.00913034
20160502,0.00910339
20160503,0.00911109
20160504,0.00732015
20160505,0.00106524
20160506,0.0012693
20160509,0.0012693
20160510,0.00535443
20160511,0.00578951
20160512,0.00602694
20160513,0.00771721
20160516,0.00782887
20160517,0.00384384
20160518,0.0186378
20160519,0.0193261
20160520,0.0179451
20160523,0.0194852
20160524,0.0200345
20160525,0.00492098
20160526,0.0156454
20160527,0.0204688
20160531,0.0354995
20160601,0.0350708
20160602,0.0346492
20160603,0.0237864
20160606,0.0184843
20160607,0.00183136
20160608,0.00173639
20160609,0.00164013
20160610,0.00117305
20160613,0.00108064
20160614,0.00128855
20160615,0.00907355
20160616,0.00957536
20160617,0.00965237
20160620,0.010398
20160621,0.0105161
20160622,0.00234096
20160623,0.00161711
20160624,0.00163508
20160627,0.00852609
20160628,0.00840031
20160629,0.00864545
20160630,0.00832331
20160701,0.0109842
20160705,0.0131805
20160706,0.0127608
20160707,0.0131381
20160708,0.0148012
20160711,0.0121377
20160712,0.00371719
20160713,0.00359398
20160714,0.00454114
20160715,0.00189369
20160718,0.00207337
20160719,0.00169604
20160720,0.00213882
20160721,0.00446991
20160722,0.00480874
20160725,0.0261455
20160726,0.0271337
20160727,0.0376813
20160728,0.0343889
20160729,0.0469607
20160801,0.0255482
20160802,0.0248314
20160803,0.0142774
20160804,0.0140336
20160805,0.00147208
20160808,0.000959998
20160809,0.00110246
20160810,0.00142203
20160811,0.00129497
20160812,0.00695623
20160815,0.00674831
20160816,0.00691772
20160817,0.00955708
20160818,0.0194385
20160819,0.0138581
20160822,0.0148149
20160823,0.0192382
20160824,0.024599
20160825,0.0276698
20160826,0.0550754
20160829,0.0584002
20160830,0.0602938
20160831,0.0630271
20160901,0.0503944
20160902,0.0258961
20160906,0.0338843
20160907,0.027321
20160908,0.0173846
20160909,0.0165991
20160912,0.0142412
20160913,0.00706833
20160914,0.00778259
20160915,0.00708954
20160916,0.00752141
20160919,0.00718772
20160920,0.00201115
20160921,0.00426561
20160922,0.00461213
20160923,0.00491374
20160926,0.00506775
20160927,0.00525128
20160928,0.00717692
20160929,0.01621
20160930,0.0156048
20161003,0.0389128
20161004,0.0504856
20161005,0.0491052
20161006,0.041589
20161007,0.0638199
20161010,0.0405529
20161011,0.0444211
20161012,0.0449322
20161013,0.0429021
20161014,0.0300531
20161017,0.0302687
20161018,0.0148277
20161019,0.0108656
20161020,0.0108078
20161021,0.00166845
20161024,0.00170438
20161025,0.0122722
20161026,0.0126649
20161027,0.0138893
20161028,0.0165649
20161031,0.0167612
20161101,0.016845
20161102,0.0188771
20161103,0.0179762
20161104,0.0150541
20161107,0.0150105
20161108,0.00451812
20161109,0.00187636
20161110,0.0223482
20161111,0.0352638
20161114,0.0649733
20161115,0.0884767
20161116,0.102309
20161117,0.091656
20161118,0.088152
20161121,0.0583116
20161122,0.0347735
20161123,0.0209757
20161125,0.018606
20161128,0.0250254
20161129,0.0264477
20161130,0.0392197
20161201,0.0409491
20161202,0.0334097
20161205,0.0171667
20161206,0.0163411
20161207,0.00356342
20161208,0.00151444
20161209,0.00819862
20161212,0.018869
20161213,0.0276098
20161214,0.0411732
20161215,0.0637664
20161216,0.0570091
20161219,0.0463137
20161220,0.0377866
20161221,0.0245177
20161222,0.00210545
20161223,0.0024616
20161227,0.00228449
20161228,0.00634233
20161229,0.00577827
20161230,0.006248
20170103,0.00583987
20170104,0.00571667
20170105,0.00193026
20170106,0.00221133
20170109,0.0102666
20170110,0.0100626
20170111,0.0176004
20170112,0.0174232
20170113,0.0187503
20170117,0.0102073
20170118,0.0103536
20170119,0.00295572
20170120,0.0106129
20170123,0.00909721
20170124,0.00897015
20170125,0.00921914
20170126,0.00909464
20170127,0.0035108
20170130,0.00361925
20170131,0.00359358
20170201,0.00419935
20170202,0.00390737
20170203,0.00234417
20170206,0.00345497
20170207,0.00313155
20170208,0.00274652
20170209,0.00267593
20170210,0.00689133
20170213,0.00559379
20170214,0.00543464
20170215,0.00579913
20170216,0.00543208
20170217,0.00108064
20170221,0.00172492
20170222,0.00427572
20170223,0.00433219
20170224,0.0129022
20170227,0.0135542
20170228,0.013662
20170301,0.0104156
20170302,0.0110548
20170303,0.00624865
20170306,0.00925735
20170307,0.0110591
20170308,0.0204539
20170309,0.0294105
20170310,0.0265354
20170313,0.0234549
20170314,0.0218996
20170315,0.0247936
20170316,0.0148358
20170317,0.0144013
20170320,0.0155928
20170321,0.0165772
20170322,0.0167213
20170323,0.0168022
20170324,0.0178148
20170327,0.0164
20170328,0.0149703
20170329,0.00283636
20170330,0.00271058
20170331,0.00172235
20170403,0.0017801
20170404,0.00192256
20170405,0.00176727
20170406,0.00202781
20170407,0.00175957
20170410,0.00185583
20170411,0.0132336
20170412,0.0174175
20170413,0.0181981
20170417,0.017935
20170418,0.0183778
20170419,0.00654312
20170420,0.00220909
20170421,0.00128599
20170424,0.00148877
20170425,0.00171593
20170426,0.00554758
20170427,0.00561881
20170428,0.00569646
20170501,0.00564448
20170502,0.00551357
20170503,0.00633945
20170504,0.0108013
20170505,0.024419
20170508,0.0330162
20170509,0.0373702
20170510,0.0326575
20170511,0.0283105
20170512,0.0147486
20170515,0.00602626
20170516,0.00420914
20170517,0.00597425
20170518,0.00592804
20170519,0.00863285
20170522,0.00877146
20170523,0.00612553
20170524,0.00756512
20170525,0.00764854
20170526,0.0103628
20170530,0.0109134
20170531,0.0183056
20170601,0.0155924
20170602,0.0155116
20170605,0.00961507
20170606,0.00941229
20170607,0.0014708
20170608,0.00125005
20170609,0.0015478
20170612,0.00151829
20170613,0.00428021
20170614,0.0154181
20170615,0.0160149
20170616,0.0157453
20170619,0.0186839
20170620,0.0246115
20170621,0.0154261
20170622,0.037344
20170623,0.0371361
20170626,0.0385276
20170627,0.0293465
20170628,0.02743
20170629,0.029939
20170630,0.0415521
20170703,0.0478267
20170705,0.0600363
20170706,0.0606626
20170707,0.0360508
20170710,0.0440866
20170711,0.0360777
20170712,0.0239297
20170713,0.0230917
20170714,0.0230724
20170717,0.00356992
20170718,0.00598403
20170719,0.00589676
20170720,0.00599815
20170721,0.00719301
20170724,0.00689783
20170725,0.00228449
20170726,0.0139433
20170727,0.0141435
20170728,0.0188084
20170731,0.0194706
20170801,0.0240556
20170802,0.0123685
20170803,0.0128677
20170804,0.00721339
20170807,0.00648184
20170808,0.00208171
20170809,0.0131115
20170810,0.0124287
20170811,0.0215955
20170814,0.0222783
20170815,0.0221371
20170816,0.0127828
20170817,0.0124087
20170818,0.0032939
20170821,0.00330481
20170822,0.0031354
20170823,0.0032432
20170824,0.00322139
20170825,0.00363336
20170828,0.005267
20170829,0.00529908
20170830,0.00370892
20170831,0.0148979
20170901,0.0148546
20170905,0.021914
20170906,0.0213147
20170907,0.0217035
20170908,0.010204
20170911,0.0100329
20170912,0.00292363
20170913,0.0028524
20170914,0.00384192
20170915,0.00384705
20170918,0.00393047
20170919,0.00482285
20170920,0.015051
20170921,0.0198154
20170922,0.0337075
20170925,0.0356592
20170926,0.0422833
20170927,0.0410748
20170928,0.0472424
20170929,0.0424477
20171002,0.051951
20171003,0.0433019
20171004,0.0361855
20171005,0.0255283
20171006,0.0163103
20171009,0.00622279
20171010,0.0054861
20171011,0.0051201
20171012,0.00878327
20171013,0.0115904
20171016,0.0107196
20171017,0.01124
20171018,0.009679
20171019,0.00440558
20171020,0.00350836
20171023,0.00322729
20171024,0.00934192
20171025,0.0236881
20171026,0.0241321
20171027,0.0332331
20171030,0.0378943
20171031,0.0475268
20171101,0.0395777
20171102,0.0393146
20171103,0.0587593
20171106,0.0541596
20171107,0.0391351
20171108,0.0325866
20171109,0.0350089
20171110,0.00444065
20171113,0.00417754
20171114,0.00509134
20171115,0.004483
20171116,0.00283075
20171117,0.00214973
20171120,0.00737683
20171121,0.0062641
20171122,0.0166278
20171124,0.0198671
20171127,0.0200404
20171128,0.0149442
20171129,0.0149442
20171130,0.0045458
20171201,0.00135914
20171204,0.0012616
20171205,0.00153497
20171206,0.00142588
20171207,0.00157989
20171208,0.00132834
20171211,0.00157732
20171212,0.0180826
20171213,0.0306219
20171214,0.0304551
20171215,0.0309877
20171218,0.0303614
20171219,0.0135943
20171220,0.000894544
20171221,0.00410061
20171222,0.00412756
20171226,0.00440478
20171227,0.0170243
20171228,0.0172322
20171229,0.0141532
20180102,0.0267955
20180103,0.0266954
20180104,0.0222296
20180105,0.0219678
20180108,0.0222719
20180109,0.00931644
20180110,0.00929462
20180111,0.00121283
20180112,0.00259764
20180116,0.0122827
20180117,0.0169936
20180118,0.0167074
20180119,0.0169821
20180122,0.0155318
20180123,0.013764
20180124,0.0208418
20180125,0.020793
20180126,0.0212717
20180129,0.0208123
20180130,0.0131607
20180131,0.00265668
20180201,0.00770285
20180202,0.0276105
20180205,0.0285557
20180206,0.0308798
20180207,0.0429876
20180208,0.0524859
20180209,0.0340829
20180212,0.0329644
20180213,0.032045
20180214,0.0191364
20180215,0.00586885
20180216,0.00456449
20180220,0.00768664
20180221,0.010139
20180222,0.0104008
20180223,0.00951011
20180226,0.00919182
20180227,0.0110289
20180228,0.0209841
20180301,0.0221661
20180302,0.0234426
20180305,0.0234297
20180306,0.0183345
20180307,0.00413464
20180308,0.00771815
20180309,0.00638393
20180312,0.00763142
20180313,0.0080511
20180314,0.00803569
20180315,0.00326631
20180316,0.00316235
20180319,0.00197262
20180320,0.0120609
20180321,0.0207529
20180322,0.020699
20180323,0.0207413
20180326,0.0209916
20180327,0.0103835
20180328,0.001997
20180329,0.0061495
20180402,0.00754522
20180403,0.00732576
20180404,0.00732576
20180405,0.00730394
20180406,0.00264192
20180409,0.00209326
20180410,0.00265732
20180411,0.00295764
20180412,0.00324449
20180413,0.00368342
20180416,0.00280876
20180417,0.00241604
20180418,0.00229796
20180419,0.00194566
20180420,0.0104428
20180423,0.0237365
20180424,0.0242909
20180425,0.0246567
20180426,0.0312842
20180427,0.0289149
20180430,0.0184695
20180501,0.0172593
20180502,0.0286239
20180503,0.0213727
20180504,0.0165481
20180507,0.0138192
20180508,0.0248543
20180509,0.0134062
20180510,0.0226797
20180511,0.0304338
20180514,0.031227
20180515,0.031641
20180516,0.0562588
20180517,0.0471316
20180518,0.0739613
20180521,0.0775682
20180522,0.0834713
20180523,0.0690744
20180524,0.068955
20180525,0.0329832
20180529,0.0291451
20180530,0.0121163
20180531,0.00639433
20180601,0.00634813
20180604,0.00614407
20180605,0.00575918
20180606,0.00567062
20180607,0.00170502
20180608,0.00289448
20180611,0.00284058
20180612,0.00286753
20180613,0.00966472
20180614,0.00954985
20180615,0.0313585
20180618,0.0477488
20180619,0.0481653
20180620,0.0445897
20180621,0.0465225
20180622,0.0241691
20180625,0.00801755
20180626,0.0166065
20180627,0.015843
20180628,0.0156002
20180629,0.0366634
20180702,0.0462524
20180703,0.037442
20180705,0.0350147
20180706,0.0330051
20180709,0.0111047
20180710,0.00147208
20180711,0.0295617
20180712,0.0294193
20180713,0.0293692
20180716,0.0363924
20180717,0.0491233
20180718,0.0496717
20180719,0.052222
20180720,0.0589729
20180723,0.0519497
20180724,0.039215
20180725,0.0215168
20180726,0.0190088
20180727,0.0122233
20180730,0.012204
20180731,0.0122271
20180801,0.0174794
20180802,0.0180441
20180803,0.0180441
20180806,0.0222182
20180807,0.0496451
20180808,0.0376456
20180809,0.0372041
20180810,0.0372253
20180813,0.0450148
20180814,0.017588
20180815,0.0185314
20180816,0.0186084
20180817,0.0292457
20180820,0.0193845
20180821,0.0297738
20180822,0.0333973
20180823,0.0336706
20180824,0.0224077
20180827,0.020259
20180828,0.0105589
20180829,0.0025508
20180830,0.00264705
20180831,0.00329197
20180904,0.0029108
20180905,0.00239101
20180906,0.00185518
20180907,0.00153946
20180910,0.00126802
20180911,0.00368213
20180912,0.00478459
20180913,0.00488855
20180914,0.0048693
20180917,0.00480384
20180918,0.00237818
20180919,0.00147978
20180920,0.00145283
20180921,0.00625829
20180924,0.00625829
20180925,0.00618514
20180926,0.0100535
20180927,0.0102768
20180928,0.018296
20181001,0.0183306
20181002,0.0189774
20181003,0.0146124
20181004,0.0145636
20181005,0.0015324
20181008,0.00178909
20181009,0.00113711
20181010,0.00800775
20181011,0.0167713
20181012,0.0176569
20181015,0.0174862
20181016,0.0171281
20181017,0.0104077
20181018,0.00126417
20181019,0.00120256
20181022,0.00136813
20181023,0.00157861
20181024,0.00175187
20181025,0.00155679
20181026,0.00154139
20181029,0.00137583
20181030,0.00137583
20181031,0.00122374
20181101,0.00170759
20181102,0.00204128
20181105,0.00206567
20181106,0.00263871
20181107,0.00220042
20181108,0.00470357
20181109,0.00441865
20181112,0.00501159
20181113,0.0101665
20181114,0.014408
20181115,0.0201488
20181116,0.0203066
20181119,0.023822
20181120,0.018488
20181121,0.0141413
20181123,0.00563815
20181126,0.00559323
20181127,0.0012231
20181128,0.00115764
20181129,0.00148107
20181130,0.00149647
20181203,0.00159337
20181204,0.0072948
20181206,0.00762593
20181207,0.0100735
20181210,0.0111484
20181211,0.0109751
20181212,0.00592692
20181213,0.0052005
20181214,0.00256556
20181217,0.0021446
20181218,0.00272213
20181219,0.00269069
20181220,0.006527
20181221,0.00596358
20181224,0.0215311
20181226,0.0209959
20181227,0.0216498
20181228,0.0182588
20181231,0.0198451
20190102,0.00407358
20190103,0.00917742
20190104,0.00847283
20190107,0.00866277
20190108,0.00708737
20190109,0.0165849
20190110,0.0110145
20190111,0.0110337
20190114,0.0112712
20190115,0.0109683
20190116,0.00139893
20190117,0.00137839
20190118,0.00163123
20190122,0.00260406
20190123,0.0027016
20190124,0.0312729
20190125,0.0313615
20190128,0.0323219
20190129,0.0391508
20190130,0.0444962